id,sound_class,azimuth
test_260913755,engine,35
test_260913262,alarm,-15
test_260911392,speech,-55
test_260911610,alarm,15
test_260909684,alarm,-25
test_260909538,footsteps,-40
test_260911563,running_water,-65
test_260913018,knock,10
test_260912996,footsteps,-45
test_260912960,typing,-10
test_260911565,dog_bark,-30
test_260912646,knock,-5
test_260909199,alarm,10
test_260913442,running_water,55
test_260912930,running_water,-65
test_260910393,running_water,0
test_260909966,knock,45
test_260911577,running_water,25
test_260911672,footsteps,15
test_260912149,engine,30
test_260909184,dog_bark,-55
test_260910681,alarm,-15
test_260910139,speech,40
test_260912898,running_water,-40
test_260913929,alarm,-20
test_260909752,speech,55
test_260911335,alarm,-65
test_260912617,typing,65
test_260909359,typing,-5
test_260909722,alarm,-80
test_260912483,footsteps,30
test_260913744,knock,-45
test_260910970,engine,-35
test_260911933,dog_bark,-55
test_260909223,knock,45
test_260913294,knock,45
test_260911538,alarm,-20
test_260912061,footsteps,40
test_260910726,footsteps,-80
test_260913382,running_water,35
test_260910666,dog_bark,-25
test_260913579,running_water,35
test_260913658,footsteps,80
test_260909763,running_water,15
test_260913642,dog_bark,30
test_260909622,running_water,-45
test_260913295,footsteps,-65
test_260909638,engine,55
test_260911705,dog_bark,45
test_260910497,footsteps,5
test_260911187,dog_bark,-35
test_260912695,knock,-20
test_260911504,typing,-45
test_260909795,footsteps,10
test_260910630,footsteps,-80
test_260913112,footsteps,-25
test_260910967,knock,-15
test_260911837,footsteps,45
test_260913091,typing,80
test_260910213,engine,65
test_260909634,alarm,30
test_260912886,engine,20
test_260909227,alarm,80
test_260911501,typing,-40
test_260913093,dog_bark,30
test_260912013,alarm,-15
test_260913627,alarm,80
test_260911778,knock,-35
test_260912168,running_water,-15
test_260909236,alarm,55
test_260910548,alarm,-55
test_260913009,alarm,-5
test_260911667,alarm,80
test_260910411,alarm,40
test_260913030,dog_bark,15
test_260913352,knock,-20
test_260912151,running_water,-40
test_260912448,engine,5
test_260912259,speech,-25
test_260910112,speech,-25
test_260912515,typing,30
test_260913720,knock,65
test_260910298,running_water,-35
test_260910153,dog_bark,80
test_260910941,engine,-20
test_260912085,footsteps,-25
test_260912944,speech,-80
test_260911191,footsteps,-15
test_260910492,footsteps,45
test_260911500,knock,-80
test_260913969,running_water,-35
test_260912250,engine,-15
test_260913282,knock,-35
test_260909305,dog_bark,45
test_260909346,alarm,0
test_260911051,engine,80
test_260909461,footsteps,-45
test_260912877,alarm,-15
test_260912895,speech,80
test_260910371,footsteps,-40
test_260911033,typing,-10
test_260910721,footsteps,5
test_260911909,footsteps,40
test_260912644,typing,-35
test_260911591,footsteps,45
test_260911624,typing,40
test_260912325,engine,-45
test_260912217,dog_bark,20
test_260911410,footsteps,80
test_260911054,alarm,-30
test_260910505,dog_bark,45
test_260913950,running_water,-80
test_260910292,alarm,30
test_260910924,engine,-15
test_260912909,knock,80
test_260910334,alarm,-55
test_260913927,knock,-80
test_260910736,dog_bark,15
test_260910196,speech,40
test_260910690,footsteps,-45
test_260910663,knock,-45
test_260909118,alarm,5
test_260911312,speech,65
test_260909299,footsteps,-65
test_260912039,knock,55
test_260913917,knock,-15
test_260912663,speech,25
test_260909371,knock,25
test_260910876,running_water,-80
test_260910185,engine,15
test_260909559,alarm,25
test_260913986,engine,-20
test_260913847,running_water,-10
test_260910418,typing,35
test_260909092,typing,45
test_260912925,typing,-30
test_260912484,alarm,-80
test_260911015,engine,-20
test_260912998,dog_bark,10
test_260911652,alarm,-25
test_260913308,running_water,-80
test_260911323,knock,-25
test_260912970,knock,15
test_260910978,typing,-40
test_260909949,knock,15
test_260912234,typing,-20
test_260911390,dog_bark,55
test_260910143,running_water,30
test_260913696,knock,20
test_260912954,running_water,-45
test_260910162,engine,5
test_260912647,dog_bark,-20
test_260913454,dog_bark,-35
test_260911703,engine,80
test_260913251,running_water,65
test_260912454,knock,-80
test_260913995,knock,45
test_260910759,engine,-20
test_260911258,typing,20
test_260911831,alarm,-55
test_260910084,typing,20
test_260912832,knock,-5
test_260909968,typing,-25
test_260913868,typing,-15
test_260911160,knock,45
test_260912874,footsteps,20
test_260909894,knock,20
test_260909487,engine,-35
test_260911113,knock,-55
test_260911476,dog_bark,30
test_260910792,footsteps,-25
test_260910403,knock,25
test_260911728,alarm,25
test_260911061,alarm,-10
test_260910467,alarm,25
test_260910742,footsteps,30
test_260911798,footsteps,25
test_260910296,engine,-25
test_260911676,running_water,20
test_260913686,dog_bark,-10
test_260909436,alarm,-65
test_260911169,running_water,-45
test_260912911,running_water,-20
test_260909293,running_water,-10
test_260913827,speech,-30
test_260911064,speech,0
test_260912373,engine,25
test_260910155,speech,-35
test_260910878,engine,30
test_260910611,engine,-15
test_260912810,knock,-20
test_260912489,running_water,80
test_260909804,footsteps,0
test_260909990,footsteps,-40
test_260912439,typing,65
test_260910834,knock,-45
test_260912586,engine,0
test_260909835,engine,-80
test_260909790,engine,-55
test_260913784,engine,-65
test_260910923,knock,-5
test_260910745,running_water,65
test_260912717,alarm,-65
test_260912003,typing,45
test_260911827,engine,-10
test_260912571,footsteps,-40
test_260912089,engine,-20
test_260911088,typing,-35
test_260910513,speech,55
test_260910705,dog_bark,-10
test_260910957,dog_bark,65
test_260913011,footsteps,5
test_260910701,engine,-10
test_260913073,engine,-35
test_260910440,running_water,-5
test_260912940,knock,30
test_260912337,typing,25
test_260909267,running_water,35
test_260911717,footsteps,-5
test_260910416,alarm,-80
test_260909008,footsteps,-30
test_260909672,alarm,-45
test_260912879,knock,80
test_260911115,knock,30
test_260913677,running_water,0
test_260911507,knock,-35
test_260910361,dog_bark,-20
test_260913611,knock,20
test_260912868,footsteps,-30
test_260909554,speech,55
test_260910625,typing,-80
test_260911416,alarm,20
test_260910714,running_water,-35
test_260913071,running_water,25
test_260912939,footsteps,5
test_260909181,footsteps,40
test_260911742,knock,-30
test_260911986,footsteps,-35
test_260913246,alarm,0
test_260911330,speech,65
test_260912990,alarm,-65
test_260912130,alarm,-25
test_260910322,alarm,20
test_260913659,typing,30
test_260912017,engine,0
test_260910483,alarm,-15
test_260911228,footsteps,80
test_260913298,alarm,20
test_260913648,alarm,-15
test_260913951,footsteps,30
test_260910885,running_water,40
test_260911712,footsteps,40
test_260910852,running_water,45
test_260913290,speech,45
test_260911069,knock,-25
test_260913674,alarm,-25
test_260910919,typing,-35
test_260913805,footsteps,45
test_260910741,knock,-55
test_260910816,footsteps,5
test_260910595,typing,-80
test_260913644,typing,-20
test_260910808,alarm,35
test_260912124,knock,-10
test_260910407,engine,-45
test_260910011,engine,5
test_260912015,dog_bark,-80
test_260912863,engine,-45
test_260910540,running_water,-45
test_260910075,engine,-15
test_260910751,typing,0
test_260913992,footsteps,5
test_260913543,running_water,65
test_260912339,footsteps,-5
test_260911895,alarm,-20
test_260910698,running_water,-10
test_260912982,alarm,-30
test_260910820,footsteps,40
test_260910796,alarm,20
test_260912230,alarm,-5
test_260912006,knock,-80
test_260910094,knock,-80
test_260910215,footsteps,45
test_260912129,alarm,35
test_260911466,dog_bark,-40
test_260913058,engine,45
test_260909694,knock,-35
test_260911838,footsteps,-55
test_260910159,footsteps,20
test_260913617,running_water,25
test_260910598,typing,25
test_260913066,knock,-65
test_260911772,alarm,20
test_260910959,alarm,-5
test_260910365,knock,45
test_260913054,alarm,10
test_260911527,engine,-20
test_260911059,dog_bark,0
test_260910421,engine,-20
test_260911150,typing,-45
test_260909391,engine,55
test_260910831,knock,-80
test_260911265,dog_bark,15
test_260912426,knock,-10
test_260909680,engine,65
test_260910339,knock,-10
test_260911336,speech,80
test_260909094,knock,5
test_260911540,typing,-35
test_260910040,typing,55
test_260909240,alarm,20
test_260911006,speech,-80
test_260911361,engine,25
test_260909806,alarm,25
test_260913335,footsteps,0
test_260910352,footsteps,-10
test_260912035,dog_bark,-30
test_260912645,knock,-5
test_260910628,typing,40
test_260913591,alarm,-80
test_260909457,alarm,-45
test_260912497,speech,-35
test_260912683,engine,-10
test_260912760,running_water,-35
test_260912086,typing,55
test_260913448,knock,80
test_260911180,dog_bark,15
test_260912306,dog_bark,-10
test_260913960,footsteps,10
test_260909284,running_water,0
test_260910332,typing,-15
test_260911978,running_water,55
test_260913017,footsteps,-80
test_260910574,footsteps,15
test_260912307,engine,-30
test_260913623,running_water,15
test_260910150,running_water,80
test_260909759,typing,-30
test_260910120,knock,-20
test_260909650,engine,55
test_260911830,running_water,-20
test_260909252,typing,-10
test_260912355,typing,-80
test_260909379,footsteps,65
test_260909410,footsteps,30
test_260909828,engine,5
test_260912947,running_water,-80
test_260911494,engine,-45
test_260912245,dog_bark,-10
test_260911102,engine,20
test_260909140,footsteps,35
test_260911322,speech,40
test_260911108,footsteps,10
test_260913292,engine,20
test_260910031,footsteps,0
test_260912133,engine,-80
test_260913420,knock,0
test_260913761,dog_bark,-5
test_260913399,alarm,20
test_260913918,speech,45
test_260912541,speech,-80
test_260909824,speech,-55
test_260909021,speech,-25
test_260911060,footsteps,-40
test_260909766,engine,55
test_260909887,typing,-55
test_260909131,engine,-5
test_260913896,engine,35
test_260911386,engine,-5
test_260910024,speech,-65
test_260909688,alarm,-30
test_260912755,engine,-45
test_260913416,engine,-80
test_260909729,speech,35
test_260910927,footsteps,-65
test_260911271,alarm,-80
test_260910316,engine,10
test_260912615,knock,-10
test_260911254,knock,25
test_260909496,running_water,10
test_260909932,running_water,80
test_260909916,typing,-65
test_260910865,alarm,40
test_260912115,typing,0
test_260911341,engine,40
test_260910098,speech,-5
test_260909264,dog_bark,-35
test_260913966,knock,-55
test_260913766,running_water,-55
test_260913116,knock,-25
test_260912687,typing,-65
test_260909153,speech,15
test_260911276,engine,55
test_260913404,engine,65
test_260913336,footsteps,65
test_260911947,typing,0
test_260911869,typing,0
test_260912959,knock,45
test_260912472,knock,-40
test_260910188,dog_bark,40
test_260911790,knock,-15
test_260912936,typing,15
test_260912155,engine,-80
test_260912932,engine,-25
test_260913602,running_water,45
test_260909212,speech,20
test_260912025,engine,-35
test_260910184,footsteps,-55
test_260912993,alarm,-55
test_260909832,knock,10
test_260912058,alarm,25
test_260911235,running_water,20
test_260909712,running_water,65
test_260913537,running_water,-20
test_260912527,typing,-10
test_260913185,knock,35
test_260912122,engine,-15
test_260912440,footsteps,15
test_260909096,alarm,-15
test_260913669,running_water,-25
test_260909296,speech,-5
test_260913586,engine,-25
test_260913615,speech,5
test_260911342,dog_bark,-10
test_260909336,running_water,80
test_260910560,footsteps,-25
test_260911240,footsteps,30
test_260910389,knock,-10
test_260913403,dog_bark,-45
test_260913162,running_water,45
test_260913731,footsteps,-15
test_260909837,engine,-45
test_260910274,footsteps,-45
test_260912906,dog_bark,-15
test_260913794,dog_bark,40
test_260913538,footsteps,-30
test_260910951,running_water,15
test_260909704,speech,5
test_260913415,dog_bark,-35
test_260911333,knock,80
test_260912767,footsteps,20
test_260909078,typing,55
test_260909676,engine,-20
test_260910002,knock,-10
test_260909995,alarm,40
test_260909983,footsteps,15
test_260910437,footsteps,-40
test_260909412,engine,30
test_260911274,knock,80
test_260909324,dog_bark,-15
test_260912225,speech,-80
test_260911796,engine,-65
test_260912475,engine,45
test_260912671,alarm,-20
test_260910825,footsteps,-65
test_260910753,dog_bark,40
test_260911179,typing,5
test_260910142,alarm,80
test_260909203,alarm,15
test_260912573,speech,-55
test_260910561,dog_bark,40
test_260912092,running_water,15
test_260912395,knock,20
test_260912059,dog_bark,-10
test_260909405,alarm,-35
test_260909289,knock,20
test_260909601,typing,-10
test_260910360,speech,-10
test_260912267,alarm,40
test_260909045,dog_bark,35
test_260909558,dog_bark,-35
test_260911247,typing,80
test_260913213,knock,80
test_260909349,alarm,65
test_260912196,running_water,-30
test_260911807,footsteps,-45
test_260912027,running_water,0
test_260913983,alarm,40
test_260911820,running_water,-40
test_260913675,engine,-10
test_260910571,typing,65
test_260910822,engine,40
test_260912729,running_water,-30
test_260910103,running_water,-10
test_260911109,engine,40
test_260912988,engine,5
test_260909420,typing,-30
test_260912882,engine,-35
test_260913134,footsteps,0
test_260909407,typing,5
test_260910243,running_water,20
test_260910214,running_water,5
test_260911405,alarm,-20
test_260912568,running_water,-55
test_260911738,speech,-20
test_260909095,engine,0
test_260913958,typing,40
test_260910866,speech,25
test_260912349,speech,5
test_260912577,running_water,80
test_260912920,typing,-35
test_260911957,running_water,-80
test_260910065,knock,45
test_260912962,dog_bark,-30
test_260910788,footsteps,80
test_260911377,dog_bark,35
test_260909997,engine,5
test_260912233,alarm,-10
test_260913895,engine,-20
test_260909157,engine,40
test_260913354,knock,40
test_260913536,engine,65
test_260909513,footsteps,80
test_260912953,dog_bark,55
test_260911324,speech,55
test_260910847,alarm,25
test_260910995,knock,80
test_260912686,running_water,15
test_260909679,dog_bark,25
test_260910319,running_water,80
test_260909716,knock,20
test_260913972,speech,15
test_260911996,dog_bark,-20
test_260913105,engine,20
test_260909295,running_water,25
test_260909902,typing,-25
test_260909067,knock,35
test_260910508,typing,-25
test_260912626,alarm,35
test_260909642,engine,-20
test_260910579,alarm,10
test_260911440,footsteps,-80
test_260911202,knock,-25
test_260911248,footsteps,-65
test_260913637,alarm,-25
test_260909439,alarm,30
test_260911521,dog_bark,40
test_260911877,footsteps,15
test_260909845,typing,80
test_260912033,running_water,35
test_260912743,engine,0
test_260911369,dog_bark,25
test_260910534,typing,-35
test_260910591,dog_bark,-40
test_260909394,knock,5
test_260910533,knock,40
test_260909965,engine,45
test_260910420,knock,45
test_260909681,typing,-5
test_260912631,footsteps,-20
test_260911841,footsteps,25
test_260913713,engine,65
test_260913624,footsteps,15
test_260910303,running_water,-25
test_260909508,footsteps,-35
test_260911632,knock,20
test_260912283,typing,-40
test_260909152,dog_bark,20
test_260909903,knock,25
test_260910718,speech,-35
test_260913111,engine,-15
test_260912501,dog_bark,5
test_260911699,running_water,35
test_260913740,footsteps,-5
test_260913279,engine,-20
test_260911263,footsteps,-15
test_260912981,dog_bark,40
test_260909884,knock,0
test_260909519,footsteps,-25
test_260913984,dog_bark,35
test_260911898,engine,-30
test_260909101,running_water,10
test_260912312,engine,40
test_260912690,typing,15
test_260912800,engine,15
test_260912860,dog_bark,10
test_260913622,footsteps,40
test_260912310,speech,-20
test_260912591,knock,-5
test_260911950,typing,-80
test_260910794,typing,-80
test_260913862,engine,-25
test_260910100,engine,-20
test_260912020,footsteps,-40
test_260910258,running_water,-45
test_260912380,typing,-5
test_260913141,running_water,40
test_260913128,alarm,5
test_260909126,typing,0
test_260913388,footsteps,65
test_260912192,footsteps,-65
test_260913898,speech,25
test_260909998,knock,-20
test_260913631,typing,65
test_260909414,engine,80
test_260911401,running_water,-40
test_260910695,footsteps,-40
test_260911488,running_water,15
test_260913600,footsteps,-30
test_260910798,engine,-10
test_260910657,typing,30
test_260909733,dog_bark,20
test_260910656,running_water,10
test_260913050,knock,5
test_260910256,typing,35
test_260912704,typing,25
test_260912345,running_water,40
test_260911045,speech,-10
test_260910935,engine,-80
test_260912219,footsteps,65
test_260910385,typing,15
test_260912809,footsteps,15
test_260911493,footsteps,-35
test_260913788,footsteps,-25
test_260909518,running_water,-80
test_260910735,footsteps,-10
test_260911257,speech,35
test_260910898,running_water,35
test_260910734,engine,20
test_260912638,footsteps,55
test_260913513,knock,-20
test_260909424,typing,35
test_260910187,running_water,-25
test_260909819,alarm,80
test_260911760,engine,-40
test_260910115,engine,65
test_260911876,typing,-45
test_260912526,alarm,40
test_260913432,typing,15
test_260913812,typing,-25
test_260910201,footsteps,5
test_260913692,engine,-80
test_260910225,engine,-30
test_260911723,typing,80
test_260911824,dog_bark,-35
test_260911670,alarm,-15
test_260911887,typing,10
test_260911027,running_water,10
test_260911645,knock,-45
test_260912592,knock,20
test_260909756,knock,-45
test_260913492,running_water,40
test_260911002,engine,65
test_260909775,typing,-20
test_260909883,dog_bark,35
test_260913106,engine,-40
test_260909560,speech,-45
test_260913356,engine,-45
test_260912525,typing,-55
test_260912125,running_water,-35
test_260913801,dog_bark,-25
test_260913038,running_water,-30
test_260913558,typing,-30
test_260909357,dog_bark,35
test_260912719,running_water,-5
test_260910720,speech,-15
test_260909441,typing,5
test_260909606,engine,30
test_260912537,running_water,0
test_260909623,engine,5
test_260909494,dog_bark,25
test_260909662,knock,-20
test_260913916,running_water,-20
test_260909698,knock,35
test_260912876,running_water,25
test_260913515,running_water,-40
test_260910246,engine,0
test_260912178,knock,40
test_260909922,alarm,10
test_260913122,engine,-35
test_260913323,typing,30
test_260909373,engine,-5
test_260909402,dog_bark,55
test_260913002,running_water,-25
test_260909328,knock,10
test_260909552,running_water,-35
test_260909900,knock,55
test_260913020,engine,-10
test_260911218,knock,55
test_260912239,footsteps,0
test_260911496,knock,-20
test_260913900,running_water,-15
test_260911185,engine,-30
test_260911953,running_water,-80
test_260912539,footsteps,0
test_260909007,speech,-55
test_260910032,typing,-25
test_260909034,footsteps,30
test_260912827,typing,0
test_260910372,speech,0
test_260909695,speech,15
test_260911547,engine,40
test_260909169,engine,25
test_260912854,knock,-45
test_260910765,typing,20
test_260912857,engine,45
test_260911313,knock,-20
test_260913645,knock,-80
test_260909931,knock,65
test_260910699,typing,-40
test_260912948,knock,25
test_260911697,footsteps,-20
test_260911081,engine,-35
test_260911754,knock,-65
test_260910762,engine,0
test_260912046,alarm,-80
test_260911940,dog_bark,40
test_260912927,knock,55
test_260912823,footsteps,30
test_260909022,speech,25
test_260910069,dog_bark,0
test_260912992,footsteps,35
test_260911463,speech,-10
test_260911131,typing,55
test_260910135,footsteps,-15
test_260912106,typing,-10
test_260911346,typing,0
test_260910539,engine,-10
test_260910578,footsteps,-80
test_260910525,running_water,30
test_260911628,typing,5
test_260913405,footsteps,-80
test_260912411,typing,-35
test_260911732,dog_bark,-45
test_260910236,engine,-15
test_260913626,typing,30
test_260913398,dog_bark,65
test_260912799,running_water,80
test_260909821,footsteps,30
test_260913478,alarm,-5
test_260913811,engine,5
test_260912197,engine,25
test_260911989,running_water,55
test_260909702,engine,55
test_260910943,engine,-80
test_260910375,typing,55
test_260910163,running_water,-25
test_260911794,alarm,25
test_260911170,footsteps,10
test_260912328,running_water,15
test_260913464,knock,-80
test_260909202,footsteps,5
test_260909532,knock,-20
test_260913067,typing,-55
test_260913553,running_water,40
test_260912279,running_water,40
test_260909784,running_water,-30
test_260910773,footsteps,35
test_260911005,engine,80
test_260912815,speech,-65
test_260911714,alarm,-30
test_260910899,dog_bark,-5
test_260909509,alarm,-10
test_260911304,knock,10
test_260911702,speech,0
test_260911427,knock,25
test_260910900,dog_bark,-5
test_260913596,engine,20
test_260911086,alarm,-30
test_260912785,speech,-15
test_260909893,engine,-5
test_260910717,footsteps,-5
test_260911619,typing,25
test_260912116,footsteps,-25
test_260909458,knock,-25
test_260912330,alarm,35
test_260912518,alarm,15
test_260913301,speech,-5
test_260913407,engine,25
test_260910430,running_water,-35
test_260909483,alarm,-80
test_260909230,engine,-80
test_260912934,typing,0
test_260910137,running_water,-45
test_260910890,typing,65
test_260913484,dog_bark,40
test_260910145,engine,5
test_260912120,alarm,-65
test_260912684,engine,-40
test_260910109,running_water,10
test_260912924,typing,10
test_260912258,speech,40
test_260910983,engine,-10
test_260913589,alarm,5
test_260912369,dog_bark,30
test_260909406,running_water,45
test_260913076,footsteps,35
test_260911856,knock,-40
test_260910280,running_water,25
test_260912486,speech,40
test_260909292,typing,65
test_260909794,speech,55
test_260910472,engine,-65
test_260910029,dog_bark,5
test_260910809,knock,65
test_260909014,knock,35
test_260909896,alarm,-80
test_260909711,footsteps,15
test_260913956,alarm,0
test_260909682,alarm,40
test_260911443,knock,0
test_260913753,dog_bark,-55
test_260912458,speech,-35
test_260909774,engine,-25
test_260911939,typing,-65
test_260910338,dog_bark,25
test_260910423,typing,-80
test_260911590,speech,-55
test_260913377,dog_bark,-30
test_260912689,engine,40
test_260913678,footsteps,65
test_260912536,typing,20
test_260913783,knock,0
test_260911216,engine,-20
test_260913706,typing,35
test_260910175,running_water,5
test_260911492,footsteps,25
test_260912824,alarm,25
test_260909706,running_water,20
test_260909171,knock,35
test_260913498,alarm,-20
test_260912612,knock,55
test_260913211,knock,80
test_260909205,typing,45
test_260910840,engine,-10
test_260913572,alarm,65
test_260911283,typing,10
test_260911411,running_water,80
test_260911639,knock,-80
test_260913117,engine,-35
test_260909163,alarm,0
test_260910166,footsteps,-30
test_260910593,knock,25
test_260912252,typing,15
test_260911133,dog_bark,55
test_260909823,alarm,45
test_260911536,footsteps,80
test_260910015,typing,25
test_260909016,dog_bark,45
test_260911997,running_water,25
test_260912850,alarm,-45
test_260911526,dog_bark,30
test_260911863,footsteps,-40
test_260912119,knock,-25
test_260911564,engine,65
test_260910562,footsteps,-45
test_260913281,engine,35
test_260913676,footsteps,-35
test_260910181,typing,-10
test_260912534,knock,15
test_260909102,engine,65
test_260911097,running_water,45
test_260909384,footsteps,35
test_260913547,engine,80
test_260912987,knock,55
test_260913358,engine,-20
test_260912008,alarm,20
test_260911519,knock,45
test_260911851,typing,20
test_260911620,footsteps,65
test_260913451,alarm,20
test_260912838,alarm,-5
test_260910419,alarm,15
test_260913860,speech,20
test_260912980,alarm,80
test_260909732,footsteps,20
test_260910321,footsteps,55
test_260911477,footsteps,-5
test_260909448,typing,35
test_260910028,running_water,-10
test_260909557,knock,-80
test_260909176,engine,-10
test_260913914,running_water,55
test_260909492,typing,-35
test_260909066,speech,15
test_260913433,knock,-40
test_260912969,engine,25
test_260913151,typing,-65
test_260913561,speech,40
test_260910826,alarm,20
test_260910930,knock,65
test_260910637,running_water,-45
test_260910212,engine,55
test_260911077,typing,-30
test_260910830,running_water,-30
test_260911111,speech,30
test_260910896,typing,55
test_260910422,typing,25
test_260910146,running_water,-30
test_260913504,footsteps,-25
test_260909320,engine,-15
test_260912828,footsteps,15
test_260911925,dog_bark,-30
test_260912184,speech,-10
test_260912057,knock,-10
test_260909656,running_water,-40
test_260912156,running_water,-80
test_260910545,footsteps,-15
test_260911836,alarm,55
test_260913230,typing,-20
test_260913000,speech,-10
test_260910814,dog_bark,-30
test_260913353,footsteps,-25
test_260912237,speech,80
test_260911334,knock,40
test_260909477,footsteps,-25
test_260912974,knock,20
test_260910248,knock,5
test_260912432,engine,45
test_260913265,knock,65
test_260913509,alarm,-65
test_260910255,footsteps,45
test_260910999,dog_bark,35
test_260911661,alarm,80
test_260909751,running_water,5
test_260909446,speech,-30
test_260910740,running_water,55
test_260912842,engine,-10
test_260909977,footsteps,5
test_260909851,speech,20
test_260913528,knock,5
test_260912209,dog_bark,-45
test_260910635,alarm,0
test_260911603,dog_bark,-25
test_260912676,engine,-15
test_260912311,knock,-80
test_260910038,knock,10
test_260912908,engine,40
test_260910177,speech,40
test_260912054,engine,-20
test_260909808,engine,15
test_260910113,alarm,80
test_260909187,running_water,-10
test_260910392,dog_bark,-45
test_260910238,speech,40
test_260910729,alarm,25
test_260911906,knock,-80
test_260910302,alarm,-55
test_260910782,typing,45
test_260910320,speech,-80
test_260913471,running_water,15
test_260909986,speech,-10
test_260912583,typing,40
test_260913703,footsteps,20
test_260911331,dog_bark,-25
test_260913612,running_water,20
test_260911553,engine,-25
test_260910824,speech,55
test_260913882,running_water,40
test_260910413,knock,25
test_260911587,engine,0
test_260911167,typing,-40
test_260910894,running_water,-45
test_260909238,knock,-20
test_260909918,typing,45
test_260912413,running_water,-80
test_260910610,running_water,-5
test_260911680,speech,10
test_260913364,engine,5
test_260912073,dog_bark,-55
test_260909309,footsteps,10
test_260909183,alarm,80
test_260910089,footsteps,-20
test_260913297,knock,55
test_260910133,engine,-10
test_260910877,engine,-80
test_260913748,engine,-25
test_260911309,running_water,-35
test_260910079,engine,35
test_260912629,alarm,80
test_260909889,typing,-30
test_260911242,footsteps,-10
test_260913605,knock,-45
test_260912763,typing,-45
test_260912044,footsteps,-65
test_260913897,engine,-20
test_260912334,alarm,5
test_260909938,knock,-45
test_260913942,alarm,-30
test_260910689,running_water,-20
test_260913621,typing,40
test_260910078,typing,40
test_260910803,typing,-10
test_260910956,speech,30
test_260909105,speech,-15
test_260909389,engine,-30
test_260909255,dog_bark,-25
test_260910952,footsteps,-45
test_260911883,footsteps,-35
test_260909973,dog_bark,10
test_260913894,dog_bark,45
test_260909003,alarm,-40
test_260913435,speech,5
test_260909677,dog_bark,-20
test_260912675,knock,35
test_260911770,alarm,35
test_260910081,alarm,65
test_260913549,typing,-25
test_260911689,knock,45
test_260911268,engine,65
test_260913470,typing,10
test_260909099,engine,-30
test_260909119,engine,35
test_260913036,running_water,-65
test_260909190,dog_bark,-30
test_260913526,typing,25
test_260913651,dog_bark,10
test_260913800,knock,-5
test_260912804,dog_bark,-20
test_260914000,engine,-25
test_260909657,running_water,65
test_260910045,running_water,-45
test_260910883,engine,-35
test_260911429,alarm,-20
test_260912533,alarm,-20
test_260909911,speech,0
test_260913026,dog_bark,-35
test_260910415,typing,30
test_260913884,engine,35
test_260910873,dog_bark,-80
test_260910683,footsteps,-30
test_260913173,footsteps,25
test_260913802,footsteps,-80
test_260911311,footsteps,-55
test_260913777,knock,-45
test_260911749,footsteps,0
test_260913400,speech,65
test_260913289,running_water,10
test_260909547,knock,10
test_260912166,speech,5
test_260910434,engine,10
test_260911099,dog_bark,35
test_260910904,alarm,80
test_260913226,knock,80
test_260910764,alarm,15
test_260910763,typing,80
test_260913738,alarm,-30
test_260911597,alarm,30
test_260911238,footsteps,15
test_260913493,footsteps,-80
test_260909249,engine,15
test_260913499,speech,-35
test_260911129,running_water,65
test_260913447,typing,-55
test_260910318,typing,80
test_260913541,footsteps,-65
test_260913684,alarm,35
test_260909608,footsteps,55
test_260911736,typing,-20
test_260910962,typing,-45
test_260912435,running_water,-45
test_260912659,running_water,45
test_260913796,knock,80
test_260912231,alarm,-80
test_260913064,alarm,-40
test_260910363,engine,80
test_260913869,footsteps,-10
test_260910186,dog_bark,65
test_260911478,knock,80
test_260913201,engine,15
test_260910605,engine,-20
test_260911156,footsteps,-35
test_260913749,knock,-10
test_260910141,engine,55
test_260909637,engine,0
test_260910207,knock,25
test_260912904,engine,-5
test_260912870,footsteps,-20
test_260912281,engine,35
test_260912113,knock,-55
test_260912780,dog_bark,-5
test_260912588,footsteps,55
test_260911120,running_water,-15
test_260912383,speech,-80
test_260910412,dog_bark,-10
test_260912750,running_water,-30
test_260911119,engine,-20
test_260910218,engine,5
test_260913915,engine,-10
test_260912338,alarm,-15
test_260910614,dog_bark,5
test_260910917,footsteps,-65
test_260912725,running_water,-15
test_260912049,knock,15
test_260909607,alarm,-25
test_260913970,footsteps,-30
test_260909572,engine,-10
test_260910323,running_water,80
test_260909791,typing,65
test_260909423,running_water,-80
test_260912731,dog_bark,-25
test_260910977,knock,-80
test_260911153,footsteps,45
test_260911101,speech,30
test_260911482,knock,35
test_260912820,dog_bark,-40
test_260911046,footsteps,-55
test_260911415,footsteps,-20
test_260913046,alarm,10
test_260913445,alarm,-5
test_260910712,knock,15
test_260912318,knock,0
test_260910295,engine,35
test_260913663,engine,65
test_260910465,running_water,80
test_260909831,engine,-15
test_260912097,running_water,80
test_260913366,running_water,35
test_260909529,engine,0
test_260911985,engine,40
test_260911731,engine,-30
test_260912792,typing,10
test_260910076,dog_bark,20
test_260909135,speech,35
test_260910526,engine,55
test_260909619,typing,-35
test_260909953,dog_bark,-45
test_260911922,running_water,5
test_260912869,alarm,5
test_260909210,alarm,-80
test_260911934,alarm,-65
test_260909043,dog_bark,-25
test_260910518,dog_bark,-25
test_260911104,engine,-40
test_260912740,running_water,35
test_260911176,engine,20
test_260911487,footsteps,30
test_260909692,typing,55
test_260909565,typing,5
test_260910884,footsteps,20
test_260913764,alarm,15
test_260910070,alarm,-10
test_260911673,footsteps,-80
test_260911016,footsteps,40
test_260910005,speech,-40
test_260913989,engine,45
test_260910013,alarm,25
test_260913333,footsteps,65
test_260913152,footsteps,20
test_260912299,engine,-55
test_260910832,knock,40
test_260910428,running_water,25
test_260913061,dog_bark,-55
test_260911484,typing,-35
test_260909011,footsteps,20
test_260909919,engine,65
test_260910043,engine,30
test_260911441,alarm,-65
test_260911079,footsteps,-45
test_260909281,alarm,0
test_260910447,speech,-20
test_260911726,engine,55
test_260911205,engine,-25
test_260910066,alarm,80
test_260913691,engine,-20
test_260912853,alarm,5
test_260909500,running_water,55
test_260913535,knock,-80
test_260909482,typing,-80
test_260912900,engine,25
test_260913150,alarm,-35
test_260913660,alarm,-5
test_260913142,footsteps,-55
test_260913770,dog_bark,-45
test_260911816,running_water,35
test_260913467,alarm,-35
test_260911558,alarm,-40
test_260909555,typing,-10
test_260909580,alarm,-40
test_260909785,speech,5
test_260911606,dog_bark,45
test_260911881,engine,25
test_260913013,engine,30
test_260909158,engine,-55
test_260911886,typing,35
test_260911399,dog_bark,-80
test_260909504,alarm,55
test_260912546,knock,-30
test_260913595,footsteps,0
test_260910880,typing,20
test_260910004,footsteps,80
test_260913449,dog_bark,80
test_260912050,running_water,-65
test_260909571,footsteps,80
test_260913782,engine,15
test_260913286,engine,-25
test_260912266,knock,55
test_260909947,dog_bark,-25
test_260913418,typing,-30
test_260911080,speech,5
test_260913192,running_water,10
test_260913275,typing,55
test_260910165,engine,35
test_260912297,knock,-80
test_260909221,engine,80
test_260912503,running_water,-65
test_260910812,engine,45
test_260911031,dog_bark,-15
test_260913288,speech,-20
test_260911372,footsteps,35
test_260910313,engine,20
test_260911083,engine,20
test_260909144,alarm,40
test_260910948,typing,-35
test_260911381,running_water,-45
test_260909174,running_water,25
test_260909810,knock,-15
test_260909739,alarm,-25
test_260913315,engine,15
test_260910149,running_water,10
test_260910170,knock,10
test_260909631,engine,-25
test_260910537,alarm,-40
test_260910223,alarm,65
test_260909141,alarm,25
test_260910644,engine,-65
test_260910971,dog_bark,-25
test_260913557,typing,-45
test_260909950,running_water,-30
test_260910343,alarm,40
test_260909934,engine,25
test_260912915,footsteps,-30
test_260911523,typing,-20
test_260909207,engine,25
test_260912114,knock,55
test_260912642,engine,65
test_260909177,dog_bark,80
test_260910312,alarm,-20
test_260912402,dog_bark,-35
test_260910570,dog_bark,65
test_260912836,footsteps,65
test_260909031,running_water,-25
test_260913276,footsteps,45
test_260911000,alarm,5
test_260909946,engine,30
test_260911885,dog_bark,55
test_260911087,dog_bark,-45
test_260910178,speech,5
test_260912165,footsteps,-25
test_260911320,dog_bark,0
test_260912921,knock,-15
test_260909815,engine,20
test_260911961,knock,0
test_260911146,knock,80
test_260913955,dog_bark,-40
test_260911219,alarm,-80
test_260909290,footsteps,25
test_260912943,typing,80
test_260911935,engine,20
test_260912667,running_water,-15
test_260911004,alarm,35
test_260912065,dog_bark,80
test_260912751,running_water,-65
test_260912625,knock,-55
test_260913008,footsteps,0
test_260911043,alarm,-65
test_260911512,dog_bark,-65
test_260911434,typing,35
test_260911859,footsteps,-80
test_260913818,running_water,-80
test_260913705,alarm,-35
test_260913314,knock,40
test_260912324,engine,-25
test_260910341,engine,-20
test_260910111,typing,55
test_260912575,footsteps,-35
test_260910264,knock,0
test_260911294,dog_bark,-55
test_260913239,footsteps,40
test_260909979,knock,-65
test_260910654,speech,65
test_260913219,speech,-15
test_260913402,dog_bark,65
test_260911188,alarm,-45
test_260909049,knock,25
test_260909727,speech,-40
test_260910772,typing,-45
test_260910535,dog_bark,45
test_260909675,running_water,-55
test_260909612,running_water,65
test_260911534,engine,80
test_260911880,knock,10
test_260909842,footsteps,20
test_260912628,engine,65
test_260913933,engine,-30
test_260910850,typing,55
test_260912736,engine,35
test_260913793,knock,45
test_260909372,engine,5
test_260911539,running_water,0
test_260910836,typing,80
test_260912727,speech,-10
test_260912321,knock,-35
test_260911293,engine,15
test_260913414,speech,0
test_260912326,knock,80
test_260910036,dog_bark,35
test_260909400,running_water,-65
test_260911337,knock,-20
test_260909596,typing,35
test_260911902,knock,-25
test_260913376,footsteps,5
test_260911641,engine,10
test_260911063,running_water,-15
test_260912213,footsteps,-35
test_260911613,dog_bark,-45
test_260909051,speech,-25
test_260910989,knock,-65
test_260909829,typing,45
test_260909386,engine,80
test_260911762,typing,-20
test_260910232,footsteps,-80
test_260911955,engine,30
test_260913957,typing,10
test_260910401,speech,-10
test_260913394,footsteps,-25
test_260911292,footsteps,-20
test_260911963,engine,40
test_260911656,alarm,-15
test_260911407,typing,-10
test_260912024,typing,-65
test_260909337,dog_bark,20
test_260909460,running_water,-35
test_260910676,engine,-15
test_260913269,dog_bark,30
test_260910875,running_water,-35
test_260910164,running_water,30
test_260911047,alarm,20
test_260909244,running_water,80
test_260910340,knock,-20
test_260911082,knock,-40
test_260911633,dog_bark,-20
test_260910279,alarm,-80
test_260910640,speech,45
test_260912701,running_water,-40
test_260909462,dog_bark,40
test_260911612,dog_bark,25
test_260910087,knock,10
test_260912841,typing,35
test_260911528,knock,-65
test_260909850,engine,55
test_260913143,footsteps,25
test_260909075,engine,65
test_260913477,running_water,45
test_260911208,dog_bark,55
test_260913587,typing,-55
test_260911285,knock,15
test_260909885,footsteps,80
test_260911251,running_water,-65
test_260910922,knock,80
test_260912446,alarm,-25
test_260911727,speech,25
test_260911799,typing,20
test_260912012,knock,-45
test_260909282,footsteps,-40
test_260912082,alarm,25
test_260912741,alarm,30
test_260909109,dog_bark,-55
test_260913650,footsteps,-30
test_260910432,alarm,-15
test_260912123,footsteps,65
test_260912651,footsteps,10
test_260911021,running_water,-80
test_260912396,knock,-20
test_260910311,knock,-20
test_260913695,knock,15
test_260912108,dog_bark,-15
test_260910997,engine,-40
test_260913562,knock,-65
test_260912602,knock,35
test_260913383,knock,40
test_260911014,alarm,-15
test_260909353,typing,-30
test_260910940,engine,-45
test_260912309,speech,-25
test_260909368,engine,15
test_260910425,engine,-15
test_260913089,knock,40
test_260913552,alarm,-45
test_260910821,running_water,-25
test_260910600,dog_bark,-15
test_260909805,dog_bark,-40
test_260911608,alarm,80
test_260909311,speech,-25
test_260909742,alarm,-45
test_260910758,footsteps,45
test_260912351,alarm,10
test_260910979,engine,-80
test_260911767,footsteps,10
test_260910263,alarm,-25
test_260911982,dog_bark,20
test_260909489,speech,80
test_260910197,typing,-55
test_260913172,typing,35
test_260912088,running_water,20
test_260911459,speech,40
test_260911194,knock,0
test_260912161,engine,45
test_260910287,knock,-80
test_260912633,footsteps,-15
test_260911264,knock,-20
test_260913321,typing,80
test_260910478,dog_bark,55
test_260909512,speech,80
test_260913326,knock,65
test_260912589,alarm,35
test_260911879,knock,35
test_260910388,speech,-15
test_260911347,speech,10
test_260910815,running_water,-25
test_260910725,dog_bark,-10
test_260909019,typing,20
test_260910789,dog_bark,0
test_260910052,dog_bark,-5
test_260911430,dog_bark,-55
test_260909440,footsteps,55
test_260909348,engine,20
test_260910090,alarm,-15
test_260912441,typing,-45
test_260910569,footsteps,-15
test_260913371,typing,45
test_260910511,speech,15
test_260910000,dog_bark,-20
test_260912090,engine,45
test_260910345,engine,-5
test_260911730,engine,-45
test_260913625,typing,-25
test_260911206,speech,-40
test_260911520,alarm,-65
test_260909648,speech,40
test_260910118,footsteps,-80
test_260913474,speech,-15
test_260910976,running_water,-15
test_260909651,typing,-55
test_260913635,running_water,45
test_260910254,alarm,-15
test_260912538,typing,-80
test_260911143,typing,55
test_260911755,typing,0
test_260912348,running_water,-10
test_260911162,engine,35
test_260911249,alarm,-15
test_260913241,typing,15
test_260911173,dog_bark,40
test_260913661,running_water,-35
test_260912032,dog_bark,25
test_260911948,running_water,25
test_260912786,speech,15
test_260910082,dog_bark,15
test_260911803,alarm,65
test_260913206,speech,20
test_260911853,engine,-15
test_260911991,dog_bark,55
test_260913505,alarm,40
test_260911533,typing,40
test_260911860,footsteps,80
test_260912699,typing,45
test_260911052,alarm,10
test_260912661,engine,30
test_260909366,knock,-45
test_260909125,dog_bark,10
test_260910882,running_water,-35
test_260910965,engine,-20
test_260909707,footsteps,-5
test_260912094,typing,-45
test_260910665,running_water,0
test_260911584,running_water,-5
test_260910653,knock,65
test_260910921,knock,-20
test_260910553,footsteps,10
test_260913507,typing,45
test_260911402,engine,-80
test_260910854,engine,45
test_260911801,engine,30
test_260911983,typing,-40
test_260912093,typing,30
test_260913837,footsteps,-45
test_260913136,speech,55
test_260912821,engine,-80
test_260911423,typing,-5
test_260909670,running_water,-45
test_260912530,footsteps,0
test_260910061,typing,15
test_260913742,alarm,-15
test_260912366,engine,-25
test_260912737,running_water,80
test_260912425,engine,-40
test_260912218,dog_bark,-10
test_260911787,footsteps,-15
test_260912444,typing,-30
test_260913694,typing,10
test_260911192,speech,10
test_260911107,footsteps,35
test_260913863,knock,55
test_260910022,alarm,15
test_260910436,typing,-10
test_260909589,alarm,35
test_260911068,knock,25
test_260913374,dog_bark,-10
test_260913798,footsteps,5
test_260909376,dog_bark,-80
test_260911746,knock,0
test_260913147,dog_bark,-25
test_260911576,alarm,20
test_260909543,typing,-10
test_260911174,typing,55
test_260911932,engine,-30
test_260912606,footsteps,45
test_260909350,alarm,20
test_260909762,speech,-25
test_260910652,dog_bark,-20
test_260912835,running_water,30
test_260910444,typing,40
test_260910037,typing,80
test_260910129,running_water,10
test_260910273,alarm,-35
test_260913815,engine,30
test_260912414,knock,40
test_260909251,running_water,-5
test_260911358,footsteps,-65
test_260911028,engine,80
test_260913497,engine,-10
test_260910855,dog_bark,15
test_260910034,dog_bark,80
test_260910026,footsteps,15
test_260911128,dog_bark,-80
test_260913919,knock,15
test_260910290,typing,0
test_260913590,engine,-20
test_260913682,typing,55
test_260909419,dog_bark,0
test_260910747,speech,55
test_260911404,footsteps,10
test_260912808,typing,55
test_260910594,speech,65
test_260912222,running_water,-15
test_260912327,footsteps,10
test_260912021,dog_bark,-45
test_260911400,engine,65
test_260911800,engine,-5
test_260910541,knock,80
test_260909002,knock,10
test_260913904,knock,30
test_260909147,running_water,-10
test_260910633,knock,-40
test_260912935,dog_bark,-40
test_260913699,speech,65
test_260909417,knock,-80
test_260911693,engine,-35
test_260911524,alarm,25
test_260913899,running_water,55
test_260912248,running_water,-65
test_260912206,typing,-45
test_260912494,running_water,-15
test_260912789,typing,-20
test_260911424,engine,-25
test_260912579,speech,-5
test_260910996,engine,-15
test_260913880,alarm,-40
test_260910617,running_water,5
test_260912979,knock,-65
test_260913327,knock,10
test_260913139,speech,-25
test_260913055,engine,40
test_260912062,knock,5
test_260911903,alarm,20
test_260912121,dog_bark,-80
test_260912127,footsteps,45
test_260909740,engine,40
test_260911340,engine,65
test_260910521,dog_bark,-25
test_260912848,dog_bark,15
test_260913049,engine,-15
test_260913387,footsteps,35
test_260909944,footsteps,-35
test_260912442,engine,80
test_260912229,engine,-35
test_260911019,engine,-20
test_260912214,footsteps,-45
test_260910909,footsteps,-5
test_260911744,typing,65
test_260911750,alarm,-15
test_260911966,alarm,20
test_260910684,typing,35
test_260912154,running_water,35
test_260912391,footsteps,30
test_260913125,speech,-25
test_260911968,speech,25
test_260911058,engine,-65
test_260912871,typing,-30
test_260913803,alarm,30
test_260910174,engine,15
test_260909506,typing,0
test_260913465,footsteps,20
test_260911275,engine,-80
test_260909276,typing,-25
test_260912677,knock,10
test_260913852,alarm,-5
test_260913207,knock,65
test_260910367,engine,-55
test_260911914,speech,-35
test_260913214,typing,-15
test_260909250,typing,20
test_260913968,alarm,-80
test_260911281,typing,-35
test_260909863,speech,10
test_260913584,dog_bark,-55
test_260912359,typing,30
test_260910853,dog_bark,80
test_260909342,knock,-20
test_260909115,alarm,20
test_260909757,footsteps,25
test_260913391,running_water,-15
test_260909535,typing,-35
test_260909321,typing,-30
test_260911039,footsteps,-80
test_260913022,running_water,-25
test_260911448,alarm,-45
test_260911198,knock,35
test_260910543,engine,5
test_260911395,speech,40
test_260909329,engine,-55
test_260910304,engine,40
test_260910520,speech,-40
test_260912778,typing,-30
test_260913199,engine,-65
test_260913814,knock,-5
test_260911829,dog_bark,20
test_260913598,alarm,25
test_260911911,knock,-25
test_260913188,running_water,65
test_260913902,running_water,-10
test_260909048,running_water,40
test_260912365,knock,-55
test_260911272,dog_bark,-25
test_260909974,engine,80
test_260910558,footsteps,10
test_260909352,typing,30
test_260912614,engine,-80
test_260910799,engine,45
test_260910382,engine,40
test_260913593,engine,-80
test_260910195,engine,-80
test_260913028,engine,-80
test_260913846,dog_bark,20
test_260911870,typing,10
test_260909972,engine,65
test_260912393,engine,-5
test_260910793,dog_bark,-10
test_260911882,speech,-10
test_260909536,engine,-30
test_260909083,knock,30
test_260912462,typing,80
test_260910027,knock,-10
test_260911825,alarm,-35
test_260909314,dog_bark,40
test_260909438,speech,0
test_260910210,speech,-30
test_260912744,engine,-40
test_260912422,running_water,-35
test_260910933,alarm,0
test_260910203,alarm,-20
test_260912890,speech,40
test_260912455,alarm,-55
test_260911626,knock,-5
test_260911314,footsteps,65
test_260912273,typing,10
test_260911485,running_water,35
test_260913222,footsteps,40
test_260910123,dog_bark,65
test_260909915,running_water,-45
test_260912997,footsteps,35
test_260913633,typing,25
test_260911044,typing,20
test_260911472,alarm,35
test_260911573,alarm,65
test_260909005,dog_bark,-45
test_260910261,typing,35
test_260911918,running_water,-55
test_260910117,engine,25
test_260909668,knock,-10
test_260913892,running_water,25
test_260913619,dog_bark,-5
test_260909338,running_water,10
test_260913068,speech,10
test_260912466,speech,30
test_260912428,footsteps,20
test_260909761,footsteps,-25
test_260910370,engine,-10
test_260913687,speech,15
test_260910620,footsteps,40
test_260910770,alarm,40
test_260911546,dog_bark,-45
test_260912261,engine,-35
test_260911503,footsteps,25
test_260909937,alarm,-15
test_260913458,alarm,80
test_260913424,footsteps,-35
test_260910373,typing,10
test_260909779,running_water,-35
test_260909468,speech,-35
test_260909425,dog_bark,-40
test_260909017,speech,-20
test_260913652,alarm,5
test_260911048,alarm,55
test_260910649,footsteps,5
test_260911574,engine,80
test_260911561,typing,-55
test_260910987,footsteps,15
test_260913683,dog_bark,-5
test_260909178,running_water,65
test_260911479,running_water,-10
test_260912771,typing,5
test_260911147,speech,15
test_260911435,speech,-25
test_260910348,knock,-20
test_260913982,alarm,-80
test_260910785,footsteps,15
test_260912360,engine,-30
test_260912523,typing,-25
test_260909562,running_water,-5
test_260910867,engine,-55
test_260912095,footsteps,-30
test_260909703,alarm,-25
test_260909009,dog_bark,-55
test_260913428,footsteps,-55
test_260912404,running_water,-20
test_260911105,engine,25
test_260911204,speech,45
test_260912897,engine,0
test_260912265,typing,-20
test_260911024,footsteps,5
test_260911926,typing,30
test_260911517,engine,-10
test_260912490,typing,20
test_260910892,knock,45
test_260909754,running_water,55
test_260913393,engine,65
test_260911518,speech,-10
test_260912453,knock,-15
test_260913490,typing,-20
test_260910949,engine,-40
test_260912159,footsteps,-30
test_260913832,engine,80
test_260913891,engine,20
test_260909304,engine,-10
test_260913171,running_water,-80
test_260912242,dog_bark,-10
test_260913380,alarm,20
test_260913324,footsteps,-5
test_260910743,dog_bark,0
test_260911775,running_water,30
test_260910134,engine,40
test_260911184,dog_bark,-35
test_260910095,engine,-10
test_260909736,footsteps,40
test_260912999,alarm,-20
test_260912498,footsteps,65
test_260909941,typing,-65
test_260913256,running_water,-15
test_260913483,engine,55
test_260911758,running_water,-5
test_260912976,footsteps,10
test_260910551,dog_bark,45
test_260913284,running_water,-40
test_260909279,running_water,5
test_260911344,typing,10
test_260910968,engine,-45
test_260913993,dog_bark,55
test_260911614,footsteps,65
test_260911020,running_water,-15
test_260909870,running_water,-5
test_260909615,typing,40
test_260910601,engine,-10
test_260913410,footsteps,-45
test_260913735,knock,65
test_260910658,typing,0
test_260913468,running_water,15
test_260912593,knock,15
test_260910062,footsteps,55
test_260910288,running_water,-80
test_260911567,engine,-80
test_260912989,knock,55
test_260912069,knock,-30
test_260909478,footsteps,0
test_260910039,knock,35
test_260909948,engine,20
test_260909773,alarm,80
test_260909354,engine,-15
test_260912618,running_water,15
test_260912224,running_water,65
test_260913100,knock,-35
test_260912752,alarm,20
test_260911531,knock,10
test_260911277,footsteps,-55
test_260910391,alarm,-25
test_260912420,dog_bark,40
test_260910964,engine,5
test_260912157,engine,40
test_260912370,speech,35
test_260910091,alarm,80
test_260913779,engine,-80
test_260912078,alarm,-5
test_260912026,dog_bark,15
test_260910475,alarm,-45
test_260910687,alarm,-25
test_260909076,engine,-80
test_260909858,speech,-45
test_260911913,engine,25
test_260911529,knock,35
test_260913378,knock,-45
test_260911327,engine,55
test_260910787,knock,45
test_260912371,dog_bark,30
test_260913021,typing,-30
test_260910453,running_water,15
test_260911445,running_water,15
test_260913859,alarm,25
test_260911847,typing,15
test_260912227,knock,25
test_260909871,knock,35
test_260912016,typing,-30
test_260913014,alarm,-35
test_260913121,typing,-55
test_260909569,footsteps,55
test_260913316,engine,25
test_260912364,running_water,0
test_260911299,alarm,-25
test_260913727,engine,10
test_260910379,engine,55
test_260911660,footsteps,40
test_260909840,alarm,65
test_260909247,dog_bark,80
test_260912598,speech,80
test_260913048,dog_bark,-25
test_260913063,knock,-45
test_260909777,knock,65
test_260911010,alarm,-55
test_260913842,running_water,-65
test_260911056,alarm,30
test_260910662,running_water,-5
test_260910688,alarm,-40
test_260913272,footsteps,-15
test_260909452,engine,-25
test_260911686,knock,-80
test_260911152,alarm,-25
test_260913816,speech,0
test_260909521,footsteps,-80
test_260912301,alarm,-15
test_260911552,engine,-20
test_260912656,alarm,40
test_260911550,engine,5
test_260911199,typing,-5
test_260910916,engine,55
test_260913839,engine,-80
test_260912344,running_water,55
test_260912728,speech,-25
test_260910547,engine,-45
test_260912775,dog_bark,0
test_260913303,engine,-45
test_260909395,footsteps,80
test_260911338,alarm,-25
test_260912552,footsteps,-30
test_260910359,dog_bark,-35
test_260912128,footsteps,35
test_260913210,knock,55
test_260912162,speech,65
test_260913920,footsteps,15
test_260910227,typing,0
test_260910474,typing,-55
test_260913702,running_water,30
test_260910267,running_water,40
test_260909776,speech,35
test_260910622,knock,10
test_260910376,knock,5
test_260913775,alarm,-35
test_260912256,running_water,-10
test_260913903,alarm,10
test_260911393,running_water,65
test_260910397,running_water,80
test_260909924,dog_bark,-20
test_260913494,typing,-65
test_260909799,engine,35
test_260910337,running_water,0
test_260912822,dog_bark,-80
test_260910506,typing,40
test_260911884,speech,55
test_260911513,alarm,45
test_260913237,engine,-15
test_260911741,alarm,25
test_260912087,knock,-15
test_260910285,engine,-80
test_260912322,alarm,-15
test_260911694,typing,5
test_260910985,dog_bark,-5
test_260911163,engine,80
test_260912423,typing,30
test_260913248,footsteps,15
test_260913824,knock,-20
test_260912766,engine,10
test_260911977,footsteps,10
test_260913389,knock,45
test_260909474,engine,-20
test_260913819,footsteps,-20
test_260913821,knock,-65
test_260912747,footsteps,-45
test_260912710,dog_bark,35
test_260909778,speech,5
test_260910731,typing,-65
test_260911708,engine,-55
test_260910315,engine,-10
test_260911030,knock,-80
test_260909217,knock,20
test_260909542,running_water,25
test_260909380,speech,55
test_260913850,alarm,20
test_260909162,knock,25
test_260910473,alarm,45
test_260913943,engine,-10
test_260911530,engine,55
test_260913750,engine,45
test_260912028,knock,25
test_260909432,running_water,30
test_260913736,footsteps,-20
test_260910157,knock,-15
test_260910791,speech,35
test_260909731,dog_bark,-10
test_260910283,speech,5
test_260913939,alarm,5
test_260910219,running_water,-35
test_260912343,alarm,15
test_260911426,speech,55
test_260911227,dog_bark,-65
test_260913384,footsteps,25
test_260910901,running_water,-35
test_260911942,footsteps,-25
test_260911944,running_water,20
test_260910817,running_water,15
test_260913881,running_water,65
test_260911135,engine,15
test_260909145,dog_bark,80
test_260913218,footsteps,-80
test_260912535,speech,55
test_260912803,alarm,-10
test_260910843,speech,-30
test_260911154,running_water,-40
test_260913306,knock,25
test_260912955,running_water,10
test_260913530,dog_bark,45
test_260912433,alarm,65
test_260910286,running_water,0
test_260911273,speech,-35
test_260912241,speech,65
test_260911793,engine,15
test_260912511,engine,-35
test_260911116,typing,-30
test_260913522,speech,10
test_260913857,dog_bark,-25
test_260912673,speech,-55
test_260910928,dog_bark,80
test_260912679,typing,-40
test_260913791,alarm,20
test_260912368,dog_bark,45
test_260913132,typing,40
test_260910328,knock,30
test_260911923,engine,-15
test_260912126,alarm,35
test_260912300,typing,-65
test_260913873,typing,15
test_260911266,alarm,-30
test_260909081,knock,-5
test_260912522,typing,5
test_260909700,alarm,-10
test_260912880,engine,-80
test_260909332,typing,-10
test_260913909,footsteps,-30
test_260912144,typing,-35
test_260910963,footsteps,55
test_260909715,footsteps,65
test_260909265,typing,-25
test_260911158,engine,10
test_260911412,dog_bark,-5
test_260909280,running_water,-40
test_260912978,speech,-10
test_260910044,knock,20
test_260913746,knock,-45
test_260911509,speech,5
test_260912931,engine,40
test_260913319,running_water,25
test_260911142,engine,-15
test_260913667,knock,25
test_260913293,engine,15
test_260912762,footsteps,-20
test_260911141,dog_bark,5
test_260912572,running_water,-40
test_260911432,footsteps,-10
test_260910713,alarm,45
test_260913556,knock,40
test_260909469,knock,-40
test_260912754,typing,-15
test_260910131,alarm,40
test_260911067,speech,-30
test_260910208,alarm,-30
test_260912356,dog_bark,0
test_260912139,alarm,45
test_260910786,running_water,45
test_260913357,footsteps,-20
test_260912333,speech,-45
test_260909062,typing,-5
test_260909260,running_water,55
test_260912193,alarm,-80
test_260913570,typing,10
test_260912434,speech,-30
test_260912361,typing,-30
test_260912205,running_water,40
test_260911510,running_water,5
test_260911604,engine,-10
test_260911253,knock,10
test_260910986,alarm,25
test_260909287,typing,55
test_260909327,knock,-80
test_260909524,engine,-30
test_260910802,knock,-80
test_260911759,engine,80
test_260912316,speech,-80
test_260912363,engine,-15
test_260912473,engine,45
test_260913088,engine,-55
test_260913375,dog_bark,-45
test_260911231,typing,-25
test_260911844,engine,5
test_260912529,typing,-20
test_260911270,dog_bark,-15
test_260911450,alarm,0
test_260910481,running_water,-15
test_260912968,running_water,-30
test_260911605,typing,55
test_260913523,alarm,-30
test_260910870,knock,-20
test_260910231,typing,15
test_260911928,running_water,-20
test_260910229,typing,45
test_260909258,typing,15
test_260911301,engine,-40
test_260913820,running_water,45
test_260911237,running_water,40
test_260912412,typing,0
test_260911325,knock,-25
test_260911371,knock,20
test_260912585,alarm,55
test_260913836,footsteps,-45
test_260910778,knock,-20
test_260911707,footsteps,-35
test_260913331,footsteps,-30
test_260909137,alarm,30
test_260911743,engine,-40
test_260910527,alarm,-5
test_260909843,engine,20
test_260912409,engine,30
test_260909917,engine,25
test_260913427,footsteps,-20
test_260910889,alarm,65
test_260909455,speech,-35
test_260911740,speech,0
test_260913072,alarm,-20
test_260910048,running_water,10
test_260913271,running_water,55
test_260909942,engine,-15
test_260909375,dog_bark,30
test_260910268,knock,40
test_260909369,dog_bark,-15
test_260913163,knock,-80
test_260911157,dog_bark,15
test_260911896,speech,65
test_260911845,alarm,-15
test_260913861,knock,80
test_260912918,footsteps,-15
test_260911716,dog_bark,-30
test_260913016,running_water,-45
test_260912963,speech,45
test_260909222,speech,65
test_260912467,knock,30
test_260913260,speech,-25
test_260911890,footsteps,-15
test_260910849,engine,-15
test_260911828,alarm,-30
test_260909262,typing,-5
test_260913087,typing,-80
test_260909999,knock,0
test_260909146,running_water,-20
test_260909553,typing,-80
test_260909749,alarm,-25
test_260909566,footsteps,65
test_260911651,engine,-20
test_260909182,knock,-25
test_260913743,knock,-80
test_260910738,footsteps,30
test_260909644,running_water,20
test_260913725,knock,-45
test_260913757,running_water,-40
test_260912416,alarm,-5
test_260909263,alarm,80
test_260910083,footsteps,40
test_260909167,footsteps,30
test_260913337,knock,5
test_260910362,knock,-55
test_260910554,knock,20
test_260910567,dog_bark,30
test_260910110,running_water,-80
test_260909545,knock,-45
test_260912607,running_water,-25
test_260913871,engine,-80
test_260911433,engine,55
test_260909283,speech,20
test_260910151,alarm,-25
test_260909859,engine,-45
test_260910655,knock,-20
test_260913037,knock,-35
test_260911506,typing,-10
test_260909302,typing,10
test_260913099,engine,15
test_260912107,dog_bark,35
test_260912703,knock,5
test_260912269,engine,15
test_260912336,footsteps,-55
test_260911835,footsteps,-25
test_260912381,footsteps,30
test_260910670,engine,35
test_260911718,speech,-10
test_260912865,knock,35
test_260911449,footsteps,25
test_260911872,engine,-35
test_260912277,typing,-15
test_260911572,knock,-35
test_260911255,footsteps,-45
test_260909195,running_water,-45
test_260912723,footsteps,20
test_260911136,engine,-20
test_260910021,speech,-80
test_260911917,engine,-10
test_260913944,typing,-55
test_260912899,engine,-30
test_260911379,running_water,-65
test_260910891,knock,40
test_260913759,speech,-45
test_260913204,engine,45
test_260909818,knock,10
test_260912627,typing,45
test_260913641,running_water,-10
test_260911600,knock,45
test_260913221,alarm,-10
test_260909585,engine,-10
test_260909514,running_water,55
test_260913577,footsteps,-30
test_260913056,knock,30
test_260913359,knock,-40
test_260913673,knock,-20
test_260911003,typing,10
test_260912700,knock,20
test_260913238,speech,20
test_260912672,alarm,40
test_260913434,footsteps,-35
test_260911475,running_water,-80
test_260913905,knock,80
test_260909365,footsteps,5
test_260911739,typing,30
test_260910205,footsteps,-65
test_260913910,speech,25
test_260911992,engine,65
test_260909498,running_water,35
test_260912103,typing,45
test_260909237,knock,80
test_260911725,speech,0
test_260913180,typing,35
test_260910857,typing,40
test_260911907,engine,-30
test_260912733,engine,55
test_260913165,knock,-25
test_260913514,footsteps,-10
test_260909065,running_water,-45
test_260909430,knock,-5
test_260912500,running_water,65
test_260912872,footsteps,15
test_260912758,engine,55
test_260913299,alarm,-55
test_260911210,running_water,-15
test_260910127,typing,-15
test_260910173,typing,15
test_260913843,knock,10
test_260913140,dog_bark,-20
test_260912346,alarm,-25
test_260911332,alarm,-20
test_260911901,running_water,15
test_260911233,knock,-20
test_260910619,alarm,-25
test_260913007,footsteps,20
test_260909598,running_water,-15
test_260910088,knock,80
test_260909914,speech,30
test_260913431,typing,-30
test_260912765,knock,-20
test_260910585,footsteps,55
test_260912576,engine,-55
test_260910132,engine,80
test_260910769,knock,-30
test_260911515,typing,-5
test_260910944,alarm,-15
test_260911473,dog_bark,-25
test_260910209,engine,-45
test_260911791,knock,5
test_260910732,footsteps,25
test_260909852,knock,-80
test_260912480,speech,40
test_260913051,speech,15
test_260913137,footsteps,5
test_260913437,engine,30
test_260910650,running_water,5
test_260913786,knock,-55
test_260910691,alarm,-10
test_260912141,knock,10
test_260910544,knock,-30
test_260912964,dog_bark,65
test_260909786,footsteps,5
test_260909610,footsteps,-55
test_260910020,knock,-45
test_260909073,knock,45
test_260910755,speech,-45
test_260913524,running_water,-15
test_260912303,alarm,40
test_260910007,knock,-55
test_260909567,engine,55
test_260913102,knock,-15
test_260909628,running_water,10
test_260910220,typing,-5
test_260910642,alarm,-40
test_260911891,engine,-30
test_260913328,typing,5
test_260912665,footsteps,-65
test_260913436,dog_bark,25
test_260912669,footsteps,40
test_260911905,knock,45
test_260913923,knock,35
test_260909594,footsteps,55
test_260910067,engine,-20
test_260911821,running_water,30
test_260913277,engine,-30
test_260910060,alarm,-10
test_260910692,engine,80
test_260913148,speech,80
test_260911724,dog_bark,-15
test_260912308,alarm,-30
test_260910051,knock,-20
test_260913223,knock,-20
test_260909355,knock,65
test_260913833,alarm,-40
test_260910058,typing,25
test_260909168,dog_bark,15
test_260913550,alarm,-80
test_260913268,footsteps,25
test_260911166,knock,55
test_260912419,running_water,-35
test_260913813,knock,-5
test_260913078,knock,15
test_260913971,typing,-20
test_260910119,knock,55
test_260913233,alarm,-35
test_260910462,alarm,20
test_260909481,running_water,-40
test_260909334,engine,10
test_260909413,dog_bark,-25
test_260913708,dog_bark,15
test_260909985,engine,80
test_260909233,engine,-55
test_260910056,engine,30
test_260912655,footsteps,25
test_260910767,footsteps,-25
test_260911380,engine,-15
test_260913780,engine,-10
test_260911556,dog_bark,40
test_260910128,dog_bark,-20
test_260910588,running_water,-45
test_260910679,typing,55
test_260912609,typing,10
test_260912650,engine,-25
test_260913697,footsteps,40
test_260912352,footsteps,5
test_260913785,running_water,0
test_260913778,footsteps,-25
test_260912424,engine,-55
test_260912464,engine,-15
test_260910454,knock,55
test_260910158,typing,30
test_260910033,running_water,40
test_260912847,footsteps,10
test_260913828,footsteps,-5
test_260912555,engine,-20
test_260909038,dog_bark,30
test_260910206,dog_bark,80
test_260913291,knock,-10
test_260910500,running_water,-65
test_260909266,running_water,80
test_260913911,speech,-15
test_260912228,knock,-5
test_260910097,alarm,-10
test_260912867,alarm,65
test_260913567,alarm,10
test_260912630,footsteps,-80
test_260909800,dog_bark,55
test_260910704,alarm,15
test_260913967,running_water,-30
test_260912190,speech,45
test_260910750,footsteps,5
test_260912574,knock,-20
test_260911568,footsteps,-15
test_260909170,engine,-35
test_260909503,footsteps,65
test_260913345,typing,-40
test_260912358,knock,-35
test_260911878,speech,35
test_260909701,knock,0
test_260909989,alarm,35
test_260912829,alarm,-80
test_260912639,running_water,-40
test_260909215,dog_bark,-80
test_260913181,dog_bark,55
test_260912112,engine,40
test_260910903,footsteps,-45
test_260911137,knock,65
test_260911389,speech,-40
test_260909082,engine,-10
test_260910730,running_water,-65
test_260910835,alarm,65
test_260910326,footsteps,80
test_260911121,engine,-15
test_260909926,engine,-45
test_260911065,alarm,15
test_260913908,engine,-25
test_260913196,running_water,65
test_260913719,running_water,25
test_260913924,engine,10
test_260913332,footsteps,80
test_260911700,alarm,-25
test_260912608,engine,-35
test_260910608,speech,-20
test_260912721,typing,-10
test_260910470,typing,-25
test_260910148,running_water,20
test_260912889,alarm,-55
test_260913965,typing,-10
test_260913883,engine,55
test_260913664,speech,10
test_260911125,dog_bark,80
test_260909486,footsteps,-15
test_260913488,speech,40
test_260912558,alarm,5
test_260909188,alarm,-45
test_260909802,speech,-10
test_260909415,alarm,-10
test_260909873,dog_bark,15
test_260913620,typing,-25
test_260913679,knock,-55
test_260912738,dog_bark,-35
test_260910408,engine,-55
test_260912551,footsteps,30
test_260912496,alarm,-40
test_260910752,speech,-80
test_260913496,engine,40
test_260909027,engine,-65
test_260911960,alarm,45
test_260911930,footsteps,40
test_260910377,running_water,40
test_260910257,typing,20
test_260911862,speech,-45
test_260913379,typing,0
test_260909748,running_water,-30
test_260911719,typing,5
test_260913877,alarm,-30
test_260909788,alarm,55
test_260911958,speech,-35
test_260910068,speech,10
test_260909816,typing,-40
test_260909117,dog_bark,-65
test_260913392,knock,-35
test_260910538,typing,30
test_260911025,speech,55
test_260911840,typing,-65
test_260909663,engine,-5
test_260909090,typing,-65
test_260911084,typing,5
test_260910240,dog_bark,35
test_260909861,engine,-40
test_260912392,footsteps,5
test_260911177,engine,-20
test_260913717,running_water,15
test_260912685,speech,40
test_260910482,alarm,5
test_260911406,knock,20
test_260909382,footsteps,20
test_260909605,engine,-15
test_260913264,alarm,-65
test_260909030,running_water,-65
test_260913597,footsteps,45
test_260912182,engine,-65
test_260911122,alarm,20
test_260909196,knock,-5
test_260911017,dog_bark,-45
test_260909827,speech,35
test_260911375,footsteps,-5
test_260909036,speech,-45
test_260911203,alarm,-5
test_260912098,running_water,40
test_260911348,alarm,30
test_260913426,typing,25
test_260913975,engine,-40
test_260909734,typing,-15
test_260911532,knock,20
test_260911098,speech,-30
test_260909431,alarm,-25
test_260911289,alarm,65
test_260913906,typing,-40
test_260911437,knock,25
test_260910863,running_water,40
test_260912773,knock,0
test_260911318,running_water,65
test_260912707,engine,80
test_260912952,speech,-35
test_260913409,engine,10
test_260912590,engine,-25
test_260910587,typing,-55
test_260910942,footsteps,-65
test_260913831,typing,-5
test_260911305,running_water,-10
test_260912456,footsteps,-55
test_260913545,engine,-15
test_260913229,dog_bark,-10
test_260910723,alarm,-80
test_260912105,knock,-80
test_260912664,typing,-65
test_260909234,footsteps,-20
test_260911468,dog_bark,55
test_260909437,speech,-55
test_260909278,knock,-20
test_260912984,running_water,20
test_260912216,engine,-20
test_260913060,speech,-40
test_260909057,dog_bark,0
test_260912285,engine,20
test_260911420,speech,5
test_260909592,speech,20
test_260912372,knock,-80
test_260912926,footsteps,-65
test_260911751,running_water,15
test_260913019,typing,10
test_260909725,typing,-10
test_260911815,engine,55
test_260909166,running_water,-5
test_260909271,engine,-15
test_260913347,knock,80
test_260910586,typing,-65
test_260911971,footsteps,30
test_260913035,running_water,-15
test_260911954,dog_bark,-40
test_260911748,alarm,55
test_260913730,engine,-55
test_260910035,engine,0
test_260910014,alarm,-20
test_260911949,running_water,15
test_260910510,engine,-80
test_260912734,alarm,-10
test_260913510,running_water,45
test_260911073,footsteps,25
test_260912063,knock,-30
test_260911040,engine,80
test_260910934,alarm,80
test_260909960,typing,-35
test_260910532,typing,-65
test_260911596,alarm,80
test_260912793,running_water,80
test_260911241,footsteps,-55
test_260911817,alarm,-20
test_260909086,running_water,65
test_260909026,footsteps,65
test_260913305,knock,-10
test_260910648,typing,10
test_260909113,running_water,40
test_260912051,footsteps,25
test_260911630,footsteps,-35
test_260911144,dog_bark,20
test_260913083,knock,-30
test_260912986,typing,-45
test_260911679,typing,-35
test_260912117,dog_bark,25
test_260913167,engine,-55
test_260912844,alarm,45
test_260909614,speech,10
test_260909340,knock,-40
test_260913548,alarm,-20
test_260909433,running_water,40
test_260913752,engine,-10
test_260911522,footsteps,-30
test_260909549,footsteps,30
test_260910309,running_water,15
test_260910105,dog_bark,-45
test_260911418,running_water,-10
test_260909540,running_water,-25
test_260909499,knock,-10
test_260909544,dog_bark,20
test_260909597,alarm,-80
test_260909928,typing,-5
test_260910632,engine,-55
test_260909846,dog_bark,-80
test_260912317,engine,30
test_260911514,footsteps,35
test_260912795,speech,-35
test_260909669,knock,-5
test_260913511,running_water,-40
test_260912083,knock,-40
test_260909138,speech,-25
test_260909403,footsteps,-65
test_260911818,speech,10
test_260909939,running_water,25
test_260910946,alarm,65
test_260913961,engine,-25
test_260911422,typing,5
test_260909860,typing,5
test_260909537,running_water,-80
test_260911541,dog_bark,0
test_260909421,typing,80
test_260912881,engine,20
test_260912291,knock,80
test_260912201,typing,-45
test_260912708,dog_bark,-35
test_260911745,knock,-10
test_260909447,footsteps,-5
test_260910107,knock,-5
test_260909488,engine,25
test_260913090,running_water,-80
test_260911543,running_water,-10
test_260910001,speech,-15
test_260913057,typing,-20
test_260912255,engine,-5
test_260912843,footsteps,-65
test_260909392,dog_bark,0
test_260911062,speech,-40
test_260913461,knock,40
test_260913698,speech,20
test_260912223,speech,65
test_260909872,footsteps,55
test_260911810,alarm,-5
test_260911644,engine,-25
test_260910645,engine,-35
test_260910126,dog_bark,-45
test_260911868,footsteps,-40
test_260913408,footsteps,80
test_260909385,footsteps,-80
test_260910602,running_water,5
test_260912907,footsteps,-5
test_260909155,dog_bark,65
test_260911766,speech,80
test_260910023,running_water,20
test_260913473,dog_bark,-80
test_260912169,dog_bark,80
test_260911286,knock,15
test_260913643,footsteps,35
test_260910176,typing,65
test_260913360,engine,5
test_260912566,footsteps,-40
test_260913278,footsteps,-15
test_260910981,footsteps,-25
test_260910387,knock,45
test_260911178,speech,-5
test_260911250,knock,25
test_260911964,knock,-40
test_260913228,typing,20
test_260910827,dog_bark,-55
test_260912933,alarm,45
test_260912967,speech,25
test_260913005,running_water,-20
test_260913127,knock,-5
test_260911308,speech,-40
test_260912388,knock,-10
test_260912104,typing,-15
test_260913110,engine,-20
test_260912550,typing,0
test_260911382,footsteps,15
test_260910317,engine,45
test_260912845,knock,20
test_260911376,footsteps,-45
test_260909018,footsteps,30
test_260912958,engine,-45
test_260912482,alarm,-35
test_260913469,dog_bark,45
test_260912137,running_water,20
test_260912491,engine,20
test_260910837,engine,-80
test_260910912,footsteps,-55
test_260912481,dog_bark,80
test_260912816,knock,-35
test_260909139,speech,25
test_260911505,alarm,-15
test_260911197,typing,80
test_260909665,knock,-35
test_260913959,typing,80
test_260909331,footsteps,20
test_260911946,typing,20
test_260911956,speech,80
test_260911904,dog_bark,-10
test_260911106,dog_bark,-15
test_260913760,dog_bark,-25
test_260911846,engine,80
test_260912320,running_water,-80
test_260909211,dog_bark,55
test_260911140,alarm,-45
test_260909189,knock,25
test_260909724,running_water,-5
test_260909218,speech,-55
test_260909616,typing,5
test_260912972,engine,-20
test_260911467,knock,-40
test_260910931,running_water,-10
test_260911471,footsteps,25
test_260909581,engine,-15
test_260909561,typing,45
test_260909935,engine,-25
test_260911225,footsteps,-55
test_260913368,engine,-80
test_260909341,knock,25
test_260911008,alarm,-65
test_260912030,speech,-5
test_260913580,speech,-45
test_260911640,alarm,20
test_260912427,knock,-80
test_260911549,knock,-45
test_260909923,engine,10
test_260912282,engine,25
test_260912036,running_water,-10
test_260911897,dog_bark,80
test_260909286,running_water,15
test_260909388,dog_bark,-20
test_260910671,typing,10
test_260909787,dog_bark,-80
test_260911685,knock,45
test_260909904,footsteps,-15
test_260911499,typing,30
test_260910050,footsteps,15
test_260912641,running_water,-25
test_260912198,dog_bark,-25
test_260911908,running_water,-25
test_260909905,typing,30
test_260910147,alarm,-45
test_260911586,typing,0
test_260910905,speech,-10
test_260910864,footsteps,-25
test_260909653,knock,35
test_260909491,alarm,-45
test_260912111,dog_bark,-30
test_260912474,footsteps,15
test_260909956,engine,65
test_260910260,dog_bark,-10
test_260913715,footsteps,-35
test_260912461,running_water,40
test_260910823,alarm,-20
test_260909967,running_water,-10
test_260913789,typing,-20
test_260909274,speech,-25
test_260909523,engine,25
test_260913649,running_water,15
test_260910589,typing,15
test_260910673,alarm,-20
test_260909110,engine,15
test_260911867,engine,-25
test_260911779,alarm,-20
test_260909584,typing,65
test_260909913,dog_bark,-25
test_260909813,knock,-5
test_260911657,speech,20
test_260913991,alarm,20
test_260911363,engine,45
test_260912504,footsteps,-20
test_260913603,running_water,-25
test_260911364,knock,80
test_260910404,running_water,-25
test_260912781,knock,-20
test_260913604,alarm,-55
test_260913737,engine,30
test_260913680,alarm,-80
test_260909714,engine,45
test_260913463,knock,80
test_260911221,footsteps,-80
test_260909865,typing,10
test_260912286,engine,-35
test_260912878,engine,-25
test_260913807,footsteps,15
test_260912553,engine,65
test_260912587,dog_bark,25
test_260911873,running_water,15
test_260913689,knock,-20
test_260910768,typing,-30
test_260911769,alarm,55
test_260911321,knock,-35
test_260912510,dog_bark,-45
test_260909069,knock,25
test_260910010,engine,-15
test_260911245,typing,10
test_260913879,knock,-45
test_260909463,engine,-10
test_260911753,typing,-10
test_260909042,footsteps,20
test_260913856,running_water,40
test_260910659,alarm,80
test_260911684,dog_bark,55
test_260913340,running_water,-45
test_260909194,alarm,-80
test_260910660,typing,-40
test_260910049,knock,15
test_260910761,speech,-65
test_260912914,footsteps,-80
test_260911571,engine,-80
test_260910193,alarm,45
test_260911213,running_water,15
test_260911455,engine,-55
test_260912759,alarm,25
test_260911711,dog_bark,-55
test_260912610,knock,-55
test_260912143,alarm,20
test_260913994,engine,20
test_260909143,running_water,-55
test_260911262,typing,-10
test_260913845,engine,10
test_260911297,typing,-15
test_260911094,dog_bark,-55
test_260909120,dog_bark,10
test_260909551,alarm,-35
test_260909590,engine,25
test_260910380,engine,30
test_260909039,typing,10
test_260912524,footsteps,20
test_260913583,alarm,-80
test_260913174,knock,-10
test_260912769,engine,80
test_260909229,knock,-65
test_260910517,knock,45
test_260910993,speech,-5
test_260909848,footsteps,-35
test_260912202,footsteps,30
test_260912746,footsteps,25
test_260913876,knock,65
test_260911373,alarm,-55
test_260913685,footsteps,-5
test_260913080,alarm,30
test_260909253,engine,80
test_260913193,alarm,-25
test_260912951,dog_bark,55
test_260909061,footsteps,-25
test_260910693,dog_bark,-65
test_260909691,knock,80
test_260912739,typing,-55
test_260910902,dog_bark,-35
test_260909335,footsteps,35
test_260909718,engine,35
test_260911095,footsteps,-35
test_260911701,typing,-55
test_260909315,knock,10
test_260913844,typing,45
test_260911070,footsteps,-10
test_260913421,knock,-45
test_260910549,speech,65
test_260912487,engine,5
test_260913974,footsteps,-25
test_260912332,speech,35
test_260910307,knock,-35
test_260910603,dog_bark,80
test_260913835,dog_bark,-35
test_260910424,alarm,-20
test_260910860,speech,-55
test_260913320,footsteps,-10
test_260913217,footsteps,30
test_260910674,footsteps,-65
test_260909127,running_water,-25
test_260911007,speech,40
test_260913041,alarm,-40
test_260912977,alarm,-15
test_260912779,knock,15
test_260911715,running_water,20
test_260910498,engine,-20
test_260910939,footsteps,-35
test_260913459,speech,-45
test_260909507,speech,-65
test_260912072,knock,25
test_260913576,engine,-65
test_260909111,speech,25
test_260913840,engine,-10
test_260909533,knock,0
test_260911675,footsteps,-10
test_260912410,knock,10
test_260909091,alarm,20
test_260911893,footsteps,20
test_260909633,knock,-25
test_260911057,engine,-30
test_260910592,engine,-40
test_260909191,engine,45
test_260910344,running_water,-15
test_260912674,running_water,-10
test_260910841,speech,-35
test_260909056,footsteps,65
test_260909746,alarm,-45
test_260910496,alarm,20
test_260910349,typing,55
test_260911607,alarm,-25
test_260911413,knock,40
test_260911085,speech,15
test_260911916,typing,-45
test_260913825,engine,-20
test_260910507,footsteps,40
test_260911117,footsteps,0
test_260909037,speech,35
test_260911805,running_water,15
test_260912232,running_water,-30
test_260910719,footsteps,0
test_260912905,footsteps,-20
test_260912171,speech,45
test_260910289,speech,-20
test_260913741,speech,35
test_260910144,running_water,-15
test_260912066,engine,0
test_260911690,engine,25
test_260913672,engine,-80
test_260912788,knock,-20
test_260909673,alarm,80
test_260913149,knock,-80
test_260911284,footsteps,40
test_260909685,alarm,-20
test_260912175,alarm,-80
test_260913666,running_water,-80
test_260909994,engine,-30
test_260912834,engine,65
test_260913657,engine,-55
test_260913252,typing,25
test_260911317,engine,-25
test_260909123,engine,40
test_260910618,engine,-20
test_260910512,typing,-15
test_260912597,engine,-20
test_260910211,typing,-30
test_260909006,footsteps,-20
test_260911072,alarm,40
test_260913401,knock,-30
test_260913941,engine,-40
test_260910245,speech,-15
test_260912189,alarm,-20
test_260910686,typing,-40
test_260912014,engine,35
test_260912975,footsteps,-25
test_260911387,engine,35
test_260913890,running_water,-35
test_260911822,engine,40
test_260912702,footsteps,-30
test_260912542,dog_bark,5
test_260913870,alarm,15
test_260912244,speech,-20
test_260910818,speech,-15
test_260912329,alarm,0
test_260909272,footsteps,35
test_260913341,speech,15
test_260912429,footsteps,30
test_260909621,typing,0
test_260911243,alarm,80
test_260909625,engine,-10
test_260912929,footsteps,-80
test_260910915,footsteps,-40
test_260911353,running_water,-5
test_260913763,dog_bark,-45
test_260913270,knock,80
test_260909046,knock,-30
test_260911589,typing,80
test_260911282,running_water,45
test_260910244,engine,0
test_260909173,dog_bark,-10
test_260913156,footsteps,-5
test_260909351,engine,-20
test_260909344,running_water,-55
test_260909891,running_water,55
test_260913665,engine,40
test_260911698,speech,-45
test_260909836,alarm,-25
test_260909054,typing,15
test_260913075,knock,-15
test_260910445,speech,0
test_260911009,engine,45
test_260911542,engine,15
test_260912851,speech,5
test_260910961,dog_bark,-55
test_260910639,typing,-30
test_260912697,footsteps,15
test_260913977,footsteps,-40
test_260912147,alarm,-45
test_260913475,footsteps,65
test_260912938,alarm,30
test_260912071,alarm,15
test_260909526,running_water,45
test_260909755,typing,5
test_260910756,typing,-30
test_260912047,knock,0
test_260912268,footsteps,-20
test_260913867,engine,30
test_260913130,speech,-10
test_260909877,typing,40
test_260913653,dog_bark,-30
test_260910696,speech,-45
test_260912031,speech,-20
test_260913872,running_water,5
test_260909898,alarm,10
test_260912896,typing,-20
test_260912620,speech,-25
test_260911436,typing,45
test_260910450,typing,-20
test_260911683,footsteps,-15
test_260913001,typing,-10
test_260910495,engine,25
test_260909767,engine,25
test_260909228,engine,40
test_260910252,knock,-5
test_260913092,footsteps,5
test_260909197,typing,-15
test_260912561,knock,-65
test_260910327,knock,20
test_260912251,footsteps,5
test_260910584,engine,10
test_260910331,dog_bark,-65
test_260913503,alarm,-15
test_260910626,engine,45
test_260912418,running_water,80
test_260910080,dog_bark,-20
test_260912305,running_water,20
test_260912545,engine,-55
test_260913118,footsteps,80
test_260913534,dog_bark,-80
test_260911593,alarm,65
test_260913129,dog_bark,-30
test_260912973,alarm,35
test_260911026,knock,-20
test_260909912,typing,20
test_260912145,engine,-80
test_260910160,footsteps,35
test_260909012,typing,20
test_260910431,alarm,30
test_260911232,running_water,5
test_260912053,typing,-45
test_260910308,knock,-25
test_260910929,footsteps,-55
test_260913606,typing,55
test_260909588,engine,-10
test_260909192,typing,-30
test_260912622,engine,-30
test_260913758,footsteps,-25
test_260911663,dog_bark,-65
test_260910306,alarm,30
test_260909895,speech,80
test_260911598,typing,-65
test_260912748,alarm,-80
test_260912070,running_water,35
test_260912831,alarm,40
test_260909257,speech,-55
test_260913997,speech,-20
test_260911832,typing,-35
test_260913040,speech,5
test_260910776,running_water,-45
test_260911623,footsteps,15
test_260912077,dog_bark,-5
test_260909451,alarm,5
test_260911570,footsteps,-30
test_260909333,footsteps,-55
test_260913936,alarm,-15
test_260909093,alarm,-40
test_260913506,knock,-10
test_260910780,running_water,55
test_260911186,dog_bark,-35
test_260912074,alarm,-80
test_260913875,typing,-65
test_260912084,dog_bark,80
test_260911795,footsteps,-5
test_260911220,typing,-30
test_260911664,footsteps,-55
test_260911357,engine,10
test_260913516,engine,-65
test_260910253,footsteps,-55
test_260910557,engine,10
test_260909362,engine,25
test_260911849,knock,65
test_260909728,footsteps,-30
test_260911181,typing,-55
test_260909976,alarm,20
test_260913608,speech,-40
test_260911998,typing,-55
test_260913714,knock,80
test_260909817,typing,-35
test_260913342,speech,5
test_260910071,alarm,80
test_260911446,engine,-20
test_260913166,footsteps,25
test_260912342,typing,-15
test_260910464,running_water,0
test_260911692,footsteps,0
test_260910325,running_water,15
test_260912235,footsteps,-25
test_260913370,speech,-5
test_260912177,dog_bark,45
test_260909841,engine,-65
test_260913236,alarm,20
test_260910998,running_water,25
test_260913096,alarm,80
test_260910484,running_water,-25
test_260909072,typing,40
test_260912135,dog_bark,0
test_260909674,knock,-10
test_260909318,running_water,-20
test_260909595,typing,-30
test_260913108,speech,10
test_260913707,engine,-45
test_260910566,knock,25
test_260912247,knock,30
test_260913508,knock,-45
test_260912109,running_water,-5
test_260912478,dog_bark,40
test_260912894,typing,40
test_260910278,dog_bark,-25
test_260913184,engine,15
test_260912917,typing,-20
test_260913025,footsteps,-35
test_260909943,running_water,-45
test_260913287,engine,-20
test_260911090,footsteps,-80
test_260912000,footsteps,25
test_260909103,footsteps,-10
test_260912749,typing,10
test_260909130,alarm,25
test_260910728,typing,40
test_260911855,footsteps,-45
test_260912375,alarm,55
test_260912274,typing,-40
test_260909604,footsteps,-20
test_260913343,running_water,-10
test_260910992,alarm,-45
test_260910888,knock,-30
test_260910092,speech,-30
test_260913988,knock,-10
test_260911945,typing,55
test_260913578,running_water,10
test_260913452,typing,-65
test_260910988,engine,35
test_260912408,speech,-35
test_260913940,footsteps,-25
test_260912284,engine,20
test_260911483,knock,25
test_260910364,engine,-80
test_260913479,engine,-30
test_260912658,speech,-65
test_260912443,engine,0
test_260912382,speech,0
test_260909907,engine,-80
test_260909781,alarm,-45
test_260911579,engine,80
test_260913234,knock,-10
test_260910266,dog_bark,40
test_260912459,speech,30
test_260913460,knock,20
test_260912657,knock,-20
test_260911217,dog_bark,45
test_260909226,engine,-45
test_260909726,typing,30
test_260910429,knock,-20
test_260909361,engine,-55
test_260911469,engine,-55
test_260913456,knock,65
test_260909856,alarm,55
test_260911566,knock,35
test_260911497,engine,-55
test_260912347,engine,-55
test_260911557,knock,25
test_260912377,alarm,-65
test_260912421,speech,20
test_260910862,running_water,40
test_260912554,knock,20
test_260910715,typing,55
test_260912445,footsteps,20
test_260909951,engine,-30
test_260912493,knock,-15
test_260909982,engine,10
test_260911653,footsteps,10
test_260913351,speech,-35
test_260912764,alarm,40
test_260912118,typing,65
test_260909765,knock,-10
test_260911965,running_water,-25
test_260909839,footsteps,-20
test_260911658,alarm,-10
test_260911464,engine,30
test_260911797,typing,-35
test_260913769,running_water,-20
test_260910710,footsteps,5
test_260912903,knock,15
test_260911049,dog_bark,-45
test_260912340,typing,-40
test_260912460,running_water,65
test_260911709,typing,-5
test_260912055,engine,20
test_260909576,typing,-80
test_260909326,footsteps,10
test_260913395,footsteps,-15
test_260912164,alarm,-45
test_260910760,running_water,-80
test_260911544,running_water,-35
test_260912212,running_water,35
test_260910358,engine,65
test_260911428,alarm,-20
test_260909515,typing,5
test_260909071,running_water,0
test_260910711,footsteps,0
test_260912287,alarm,-15
test_260913412,footsteps,80
test_260911781,footsteps,80
test_260912407,dog_bark,40
test_260912431,knock,-25
test_260913520,knock,45
test_260910448,dog_bark,65
test_260911666,speech,40
test_260909055,knock,-20
test_260913466,footsteps,-25
test_260913053,footsteps,30
test_260910054,typing,-45
test_260910775,engine,-40
test_260912042,dog_bark,0
test_260913489,typing,-35
test_260911145,footsteps,10
test_260912692,speech,-45
test_260911414,engine,5
test_260913912,dog_bark,-10
test_260913711,alarm,-15
test_260913575,speech,-20
test_260911812,alarm,-25
test_260913810,engine,-15
test_260911239,speech,-45
test_260909013,footsteps,-30
test_260913397,alarm,80
test_260911172,dog_bark,45
test_260910400,typing,25
test_260910237,dog_bark,-20
test_260912806,running_water,55
test_260910491,footsteps,5
test_260913732,knock,20
test_260911764,knock,-25
test_260910859,knock,-15
test_260913413,engine,-55
test_260910893,knock,-45
test_260910790,running_water,-40
test_260911554,alarm,80
test_260912696,speech,25
test_260910041,dog_bark,35
test_260912450,engine,40
test_260912711,engine,-45
test_260910446,alarm,65
test_260909449,dog_bark,10
test_260910104,alarm,45
test_260912335,footsteps,-65
test_260912698,engine,-40
test_260912509,engine,5
test_260910249,footsteps,-35
test_260913858,typing,-55
test_260911721,running_water,10
test_260909261,running_water,55
test_260909857,running_water,45
test_260910771,knock,20
test_260909527,knock,-25
test_260909035,speech,-40
test_260909401,typing,25
test_260912018,footsteps,65
test_260909954,speech,-15
test_260913462,knock,25
test_260910018,engine,-45
test_260913280,engine,-20
test_260912400,speech,-5
test_260912001,engine,65
test_260909387,footsteps,-10
test_260913195,footsteps,80
test_260911209,engine,55
test_260912605,engine,15
test_260913690,running_water,30
test_260911585,dog_bark,45
test_260913363,footsteps,55
test_260911032,knock,20
test_260913532,typing,-10
test_260910471,engine,-45
test_260913609,running_water,25
test_260910121,typing,-45
test_260911688,dog_bark,-65
test_260910101,dog_bark,80
test_260913693,running_water,25
test_260909044,dog_bark,15
test_260909149,knock,35
test_260912298,alarm,-5
test_260913662,alarm,-25
test_260911036,alarm,20
test_260909186,knock,20
test_260910982,knock,-45
test_260913349,engine,-55
test_260910550,footsteps,35
test_260910597,running_water,-65
test_260909136,dog_bark,-15
test_260910678,running_water,30
test_260910297,running_water,45
test_260912559,alarm,65
test_260912726,footsteps,-5
test_260912513,footsteps,-55
test_260911452,running_water,35
test_260910908,typing,-55
test_260913671,speech,55
test_260909792,alarm,-35
test_260913145,typing,80
test_260909969,engine,5
test_260912812,alarm,25
test_260911999,running_water,25
test_260910651,speech,55
test_260910172,footsteps,5
test_260913029,dog_bark,-80
test_260911398,alarm,-5
test_260912595,typing,-30
test_260909040,speech,-15
test_260912142,running_water,5
test_260913274,footsteps,55
test_260909023,engine,80
test_260913386,running_water,80
test_260909548,knock,-25
test_260913887,typing,-30
test_260911096,running_water,25
test_260910284,running_water,-25
test_260913866,footsteps,-30
test_260913186,typing,40
test_260913158,dog_bark,-5
test_260910456,running_water,40
test_260911319,knock,55
test_260913565,footsteps,5
test_260910366,knock,-10
test_260909360,running_water,-30
test_260913907,knock,80
test_260913104,alarm,-30
test_260913723,running_water,-10
test_260913006,engine,-30
test_260910920,engine,-15
test_260909080,alarm,-65
test_260910685,dog_bark,20
test_260910190,alarm,15
test_260912158,engine,-25
test_260912272,footsteps,-25
test_260913854,alarm,-10
test_260909517,alarm,80
test_260910417,dog_bark,10
test_260911756,footsteps,-45
test_260910938,running_water,-35
test_260913554,alarm,-80
test_260912499,running_water,15
test_260912378,running_water,45
test_260909516,footsteps,25
test_260909273,running_water,45
test_260910427,running_water,35
test_260911784,dog_bark,10
test_260913747,dog_bark,-55
test_260913441,engine,-55
test_260909277,speech,-20
test_260910169,speech,-10
test_260911823,engine,15
test_260913540,typing,-45
test_260910016,footsteps,40
test_260909024,engine,-30
test_260911987,engine,-5
test_260911458,footsteps,-80
test_260912502,footsteps,-40
test_260913084,footsteps,5
test_260911508,footsteps,25
test_260910466,knock,-40
test_260909456,engine,-20
test_260910189,engine,80
test_260913179,knock,10
test_260911359,engine,-10
test_260912983,alarm,-5
test_260913774,dog_bark,-45
test_260913792,engine,-45
test_260910522,dog_bark,-10
test_260910357,alarm,-25
test_260913521,running_water,-55
test_260912654,engine,-25
test_260912204,speech,55
test_260912019,alarm,-80
test_260913189,speech,55
test_260912167,alarm,-25
test_260910887,typing,-65
test_260911765,engine,-65
test_260910754,engine,-20
test_260913187,dog_bark,-35
test_260911370,knock,-65
test_260911804,typing,80
test_260911535,knock,-25
test_260912331,running_water,5
test_260913161,alarm,25
test_260911622,speech,55
test_260912849,knock,80
test_260911328,footsteps,10
test_260910003,alarm,-20
test_260910529,footsteps,65
test_260910008,footsteps,30
test_260912942,footsteps,-5
test_260913996,knock,55
test_260912520,engine,-45
test_260909122,footsteps,15
test_260913829,running_water,-35
test_260911678,dog_bark,25
test_260913525,knock,-20
test_260913164,knock,-80
test_260910672,alarm,20
test_260911642,alarm,-15
test_260912005,running_water,35
test_260910795,typing,0
test_260911246,footsteps,45
test_260910646,engine,0
test_260909428,dog_bark,-40
test_260910171,dog_bark,-35
test_260910797,speech,20
test_260912191,footsteps,65
test_260911662,speech,-80
test_260909866,engine,-55
test_260911621,engine,35
test_260911768,running_water,-10
test_260912666,knock,-25
test_260911397,speech,-30
test_260913065,dog_bark,15
test_260913154,dog_bark,-80
test_260910947,dog_bark,40
test_260909443,typing,-20
test_260912226,engine,40
test_260909464,footsteps,-35
test_260910748,typing,-55
test_260913455,footsteps,-55
test_260909660,engine,-10
test_260913928,typing,-20
test_260910192,footsteps,-55
test_260909161,speech,-35
test_260912152,alarm,-65
test_260909193,running_water,30
test_260911456,alarm,15
test_260909104,running_water,40
test_260911132,engine,-35
test_260913849,footsteps,35
test_260912296,knock,45
test_260913987,typing,-20
test_260910282,typing,65
test_260911525,speech,65
test_260913823,speech,20
test_260913655,running_water,-30
test_260911165,speech,65
test_260909343,dog_bark,-15
test_260912505,dog_bark,-40
test_260911329,footsteps,-65
test_260909172,running_water,-35
test_260909897,footsteps,65
test_260909297,speech,15
test_260911089,speech,-5
test_260909643,engine,35
test_260912417,speech,-30
test_260909087,knock,-20
test_260912037,engine,0
test_260913724,footsteps,-80
test_260909632,running_water,55
test_260913555,engine,-20
test_260910368,speech,25
test_260910441,engine,-15
test_260913444,engine,80
test_260913734,engine,10
test_260911066,dog_bark,80
test_260910749,footsteps,25
test_260911578,engine,-80
test_260911041,engine,20
test_260909617,typing,-10
test_260911808,alarm,25
test_260910390,dog_bark,35
test_260910276,running_water,-55
test_260910333,dog_bark,35
test_260909970,knock,30
test_260913485,typing,-10
test_260913901,engine,0
test_260909838,typing,45
test_260910476,knock,-10
test_260911280,knock,35
test_260909070,typing,-15
test_260911788,running_water,20
test_260913700,alarm,25
test_260910250,speech,65
test_260913581,alarm,-80
test_260911267,dog_bark,5
test_260911774,speech,-15
test_260911091,running_water,-45
test_260913688,footsteps,-25
test_260913235,alarm,-25
test_260909010,running_water,-25
test_260909079,engine,-80
test_260911356,engine,-10
test_260912519,footsteps,-80
test_260909661,engine,30
test_260910606,knock,-35
test_260909511,footsteps,30
test_260912662,alarm,80
test_260910099,speech,-30
test_260910969,footsteps,10
test_260912724,dog_bark,15
test_260910354,alarm,-10
test_260913841,speech,-80
test_260913668,dog_bark,-10
test_260910839,speech,-10
test_260913539,speech,-10
test_260912563,footsteps,15
test_260912643,dog_bark,20
test_260910502,alarm,-20
test_260913733,alarm,15
test_260909450,knock,80
test_260913797,speech,15
test_260911659,dog_bark,30
test_260913304,typing,15
test_260910182,dog_bark,5
test_260910179,running_water,30
test_260911196,running_water,-65
test_260912313,dog_bark,-25
test_260913113,footsteps,80
test_260912134,typing,55
test_260913893,speech,-65
test_260912802,engine,-35
test_260911962,knock,35
test_260909418,footsteps,40
test_260910438,alarm,-55
test_260911892,alarm,65
test_260910480,speech,30
test_260911826,dog_bark,35
test_260909699,knock,40
test_260909004,typing,5
test_260909750,knock,65
test_260912517,engine,-5
test_260909383,typing,15
test_260912616,engine,10
test_260911366,running_water,15
test_260909307,knock,80
test_260911581,engine,80
test_260910669,dog_bark,5
test_260912817,typing,20
test_260911302,knock,10
test_260909480,alarm,65
test_260911959,knock,-15
test_260909758,knock,65
test_260911470,alarm,-20
test_260910906,alarm,-65
test_260911618,running_water,20
test_260913781,typing,-80
test_260913491,typing,80
test_260909909,speech,-10
test_260911649,running_water,10
test_260912691,footsteps,-25
test_260912543,alarm,-5
test_260912374,engine,-20
test_260910914,running_water,40
test_260911634,speech,5
test_260910460,engine,-20
test_260911022,engine,35
test_260910093,alarm,10
test_260913616,alarm,55
test_260913044,speech,40
test_260909235,alarm,-10
test_260913081,footsteps,-80
test_260911076,engine,-25
test_260913776,engine,-10
test_260910369,engine,-30
test_260912862,typing,-80
test_260913610,alarm,-20
test_260910556,footsteps,55
test_260911256,typing,25
test_260909198,alarm,-65
test_260911211,dog_bark,-45
test_260910277,footsteps,15
test_260909981,typing,45
test_260913097,engine,-10
test_260913886,footsteps,55
test_260911454,footsteps,35
test_260909705,footsteps,0
test_260913369,alarm,-45
test_260912060,running_water,15
test_260909470,typing,10
test_260913888,engine,15
test_260909316,speech,-25
test_260911995,alarm,-20
test_260909154,typing,25
test_260910784,speech,20
test_260913430,footsteps,5
test_260913194,engine,25
test_260909910,running_water,-20
test_260913978,typing,55
test_260913946,footsteps,-65
test_260910017,alarm,35
test_260912295,running_water,10
test_260913231,speech,40
test_260913362,footsteps,-45
test_260911124,dog_bark,-80
test_260913300,footsteps,-20
test_260912376,dog_bark,10
test_260909232,alarm,25
test_260911761,footsteps,15
test_260911665,running_water,80
test_260909116,running_water,-65
test_260911480,knock,-25
test_260911937,engine,80
test_260909959,typing,80
test_260912512,footsteps,5
test_260910301,engine,-20
test_260911601,knock,-25
test_260911439,typing,-45
test_260910161,speech,-10
test_260909578,dog_bark,-20
test_260909687,typing,0
test_260910455,engine,25
test_260910530,engine,-40
test_260910202,speech,15
test_260912682,speech,25
test_260912271,alarm,80
test_260909270,footsteps,25
test_260913472,footsteps,-5
test_260913934,alarm,30
test_260911339,alarm,35
test_260913751,knock,45
test_260912873,alarm,-5
test_260913446,footsteps,-5
test_260913155,alarm,20
test_260910702,dog_bark,-40
test_260909958,speech,-65
test_260911384,dog_bark,25
test_260909058,speech,15
test_260909564,typing,-65
test_260911842,knock,20
test_260912102,speech,15
test_260910398,footsteps,55
test_260912023,footsteps,55
test_260912635,dog_bark,-55
test_260912562,typing,45
test_260912693,footsteps,-25
test_260911409,knock,-20
test_260910275,knock,0
test_260913191,dog_bark,-15
test_260909291,knock,25
test_260911900,alarm,30
test_260913756,speech,15
test_260911611,knock,-35
test_260913486,footsteps,-25
test_260913585,engine,80
test_260912623,alarm,45
test_260909300,engine,80
test_260912436,typing,5
test_260911042,footsteps,40
test_260912315,speech,30
test_260910531,alarm,20
test_260910235,alarm,20
test_260913500,engine,45
test_260910314,engine,55
test_260911580,footsteps,-40
test_260912640,engine,-65
test_260911595,knock,-55
test_260912584,typing,-80
test_260909741,knock,-10
test_260913178,running_water,-40
test_260911763,knock,10
test_260911491,speech,-30
test_260913095,dog_bark,20
test_260910596,dog_bark,-40
test_260912965,engine,20
test_260911234,alarm,65
test_260912385,dog_bark,25
test_260913754,knock,-65
test_260910487,alarm,35
test_260910739,speech,30
test_260912678,knock,20
test_260912183,engine,-45
test_260913216,running_water,55
test_260912080,alarm,-80
test_260911126,running_water,15
test_260912002,engine,20
test_260910804,typing,20
test_260909472,alarm,-80
test_260910777,engine,-30
test_260913312,running_water,-45
test_260913952,footsteps,-20
test_260912170,speech,25
test_260909001,running_water,10
test_260912761,engine,-15
test_260910953,footsteps,-15
test_260910675,dog_bark,-30
test_260911677,dog_bark,-10
test_260912794,speech,-40
test_260913457,typing,-65
test_260909563,engine,45
test_260911899,footsteps,20
test_260912770,dog_bark,20
test_260913739,knock,35
test_260911462,engine,40
test_260910074,typing,-80
test_260913124,running_water,-25
test_260910114,alarm,-20
test_260910486,dog_bark,25
test_260913202,footsteps,-10
test_260911583,knock,45
test_260913922,footsteps,35
test_260912852,typing,45
test_260912580,running_water,30
test_260911972,footsteps,-5
test_260909582,footsteps,65
test_260909473,knock,15
test_260909874,speech,-10
test_260913039,alarm,10
test_260909306,footsteps,20
test_260912634,speech,15
test_260909246,footsteps,35
test_260912452,alarm,55
test_260911757,typing,-45
test_260909367,typing,15
test_260912260,knock,80
test_260913712,engine,-5
test_260912636,engine,15
test_260909930,alarm,-40
test_260910972,typing,30
test_260909809,alarm,-25
test_260911190,knock,20
test_260913267,speech,-55
test_260911442,running_water,80
test_260909830,alarm,0
test_260911773,typing,40
test_260913086,dog_bark,-30
test_260913033,engine,0
test_260909992,dog_bark,15
test_260910140,footsteps,-45
test_260913826,engine,40
test_260912220,engine,65
test_260909064,engine,-15
test_260912547,footsteps,-80
test_260912528,knock,15
test_260910706,typing,40
test_260913704,speech,55
test_260910106,dog_bark,-80
test_260911927,knock,30
test_260912470,typing,-20
test_260913931,knock,20
test_260913716,knock,-20
test_260913079,knock,65
test_260910950,engine,80
test_260909534,alarm,40
test_260912043,footsteps,25
test_260910324,engine,15
test_260911967,engine,30
test_260910700,footsteps,0
test_260913542,knock,-15
test_260910130,engine,15
test_260912401,knock,-45
test_260912148,engine,-35
test_260913701,knock,-10
test_260910042,speech,-20
test_260913656,knock,-25
test_260913762,knock,-80
test_260911012,footsteps,-25
test_260912556,speech,-30
test_260910555,typing,80
test_260911290,speech,-65
test_260912565,engine,-40
test_260910910,footsteps,-5
test_260910006,alarm,-80
test_260911417,engine,15
test_260909888,typing,55
test_260909214,knock,10
test_260911979,alarm,-80
test_260913588,footsteps,-40
test_260912477,engine,-5
test_260912681,speech,25
test_260909579,running_water,5
test_260912818,dog_bark,15
test_260912668,typing,10
test_260911638,knock,80
test_260913024,engine,55
test_260911806,typing,65
test_260912797,footsteps,20
test_260912415,engine,-20
test_260909231,typing,-15
test_260909768,running_water,20
test_260909570,speech,45
test_260911457,typing,65
test_260910156,footsteps,20
test_260913232,engine,30
test_260910627,footsteps,40
test_260910154,knock,45
test_260913979,dog_bark,20
test_260909399,knock,-20
test_260911071,footsteps,35
test_260911629,typing,-65
test_260909100,running_water,-5
test_260909820,engine,-15
test_260910833,running_water,-25
test_260911134,dog_bark,0
test_260913215,footsteps,80
test_260913266,typing,80
test_260911226,knock,65
test_260912430,engine,-35
test_260912187,alarm,5
test_260909114,speech,-65
test_260910383,typing,-80
test_260913564,alarm,10
test_260910582,engine,-5
test_260913027,footsteps,80
test_260910568,dog_bark,15
test_260913594,running_water,25
test_260912712,engine,5
test_260911594,footsteps,-30
test_260913568,running_water,-30
test_260912040,running_water,10
test_260909028,footsteps,-25
test_260909796,speech,-45
test_260910469,engine,-40
test_260909106,engine,-35
test_260913953,alarm,-5
test_260910259,engine,40
test_260913220,engine,5
test_260912994,dog_bark,-45
test_260911444,footsteps,-20
test_260909179,engine,80
test_260909381,speech,25
test_260910581,footsteps,35
test_260913745,running_water,25
test_260909993,alarm,20
test_260913647,footsteps,-45
test_260910355,speech,-80
test_260913385,footsteps,0
test_260910572,running_water,-55
test_260913317,speech,-10
test_260909849,engine,-20
test_260909435,knock,-45
test_260910330,running_water,-25
test_260911161,knock,15
test_260912389,alarm,65
test_260909693,engine,-55
test_260912540,footsteps,25
test_260912132,knock,-20
test_260913529,alarm,35
test_260911970,alarm,-30
test_260910152,typing,45
test_260913250,alarm,-20
test_260910451,dog_bark,-15
test_260909248,knock,25
test_260910433,knock,20
test_260913962,knock,30
test_260909275,alarm,-25
test_260912560,running_water,20
test_260911394,alarm,-65
test_260913948,dog_bark,-20
test_260912688,engine,-20
test_260913885,engine,30
test_260913913,running_water,30
test_260911193,dog_bark,80
test_260911075,engine,-45
test_260910612,typing,35
test_260913817,dog_bark,-10
test_260910879,footsteps,40
test_260913629,knock,10
test_260911013,knock,-45
test_260913482,running_water,35
test_260909467,typing,-10
test_260909121,footsteps,20
test_260909323,alarm,-40
test_260909770,running_water,-35
test_260912353,running_water,-35
test_260912928,dog_bark,25
test_260909454,alarm,55
test_260909243,dog_bark,-25
test_260909710,running_water,-25
test_260910452,footsteps,20
test_260912041,alarm,-30
test_260911915,alarm,-30
test_260909971,running_water,40
test_260913429,dog_bark,-20
test_260912064,running_water,45
test_260909906,knock,15
test_260910810,knock,-80
test_260911938,dog_bark,5
test_260911350,running_water,30
test_260913254,engine,-45
test_260910546,footsteps,15
test_260913243,alarm,-10
test_260913170,knock,25
test_260909330,typing,-45
test_260913998,engine,-45
test_260911809,alarm,15
test_260910828,knock,30
test_260909730,speech,55
test_260912034,footsteps,10
test_260912549,typing,40
test_260909053,typing,35
test_260912807,dog_bark,-65
test_260910926,typing,-5
test_260913618,footsteps,-25
test_260909378,running_water,20
test_260912386,running_water,25
test_260909640,engine,25
test_260912916,engine,-65
test_260912875,typing,25
test_260911408,typing,80
test_260912174,engine,-15
test_260912919,running_water,-15
test_260909868,footsteps,15
test_260910524,alarm,-35
test_260909416,engine,-25
test_260911857,engine,35
test_260911306,engine,80
test_260911316,knock,-65
test_260911490,engine,15
test_260912280,knock,-30
test_260911943,speech,0
test_260911360,alarm,40
test_260911802,alarm,-65
test_260912805,dog_bark,40
test_260909671,typing,40
test_260909641,typing,80
test_260912567,speech,40
test_260911214,dog_bark,0
test_260913070,knock,-20
test_260910477,knock,40
test_260913169,footsteps,20
test_260910200,footsteps,-30
test_260913160,footsteps,-10
test_260912864,speech,40
test_260911431,typing,-35
test_260911866,typing,5
test_260912200,typing,0
test_260909317,knock,-20
test_260911139,footsteps,10
test_260909409,dog_bark,-25
test_260913945,knock,80
test_260911164,engine,15
test_260911792,footsteps,-10
test_260910410,engine,25
test_260909358,knock,-40
test_260912437,footsteps,-55
test_260911447,engine,80
test_260912302,running_water,-65
test_260912136,speech,25
test_260913361,typing,65
test_260909945,alarm,-45
test_260913768,footsteps,15
test_260911159,knock,-65
test_260913069,engine,-10
test_260913639,typing,-55
test_260913439,dog_bark,-40
test_260913208,speech,5
test_260909847,knock,-25
test_260911848,knock,-5
test_260913646,dog_bark,15
test_260910800,knock,-10
test_260911771,footsteps,-5
test_260910636,typing,65
test_260912814,alarm,25
test_260911921,engine,15
test_260910346,speech,-45
test_260909150,dog_bark,10
test_260913396,typing,40
test_260909964,typing,-5
test_260912791,dog_bark,-10
test_260909156,footsteps,30
test_260909667,knock,-5
test_260911993,running_water,-30
test_260913285,running_water,35
test_260909583,footsteps,15
test_260910305,typing,0
test_260910222,speech,-80
test_260910536,speech,-5
test_260910945,typing,25
test_260910573,footsteps,10
test_260911582,running_water,-25
test_260911852,running_water,-80
test_260911367,footsteps,-35
test_260913787,footsteps,-45
test_260913481,running_water,-40
test_260909259,typing,80
test_260909505,footsteps,15
test_260910499,running_water,25
test_260912611,footsteps,10
test_260909285,speech,55
test_260910216,typing,-10
test_260912304,running_water,40
test_260909826,engine,-55
test_260910347,alarm,20
test_260911706,speech,65
test_260912403,knock,-15
test_260910180,alarm,65
test_260913937,engine,0
test_260910607,knock,-45
test_260912160,dog_bark,-65
test_260913062,speech,-80
test_260909185,knock,20
test_260909862,typing,-80
test_260913980,alarm,-30
test_260913487,footsteps,0
test_260909020,running_water,45
test_260909426,engine,-15
test_260912211,typing,-25
test_260912253,speech,55
test_260909854,dog_bark,-40
test_260909476,alarm,-80
test_260911189,footsteps,-80
test_260909882,typing,-65
test_260910265,footsteps,10
test_260911138,engine,-55
test_260912394,footsteps,15
test_260911388,dog_bark,-10
test_260913670,footsteps,55
test_260912341,alarm,-35
test_260909586,running_water,25
test_260909124,knock,30
test_260910435,knock,-30
test_260911691,dog_bark,-35
test_260909033,engine,-20
test_260909528,knock,35
test_260913126,knock,80
test_260910575,speech,65
test_260910269,alarm,-5
test_260911403,running_water,-80
test_260910583,knock,35
test_260911720,typing,10
test_260912660,knock,55
test_260911055,speech,-20
test_260913245,alarm,-65
test_260909664,running_water,80
test_260912091,typing,65
test_260911103,speech,-65
test_260909219,dog_bark,45
test_260913043,running_water,35
test_260910514,engine,25
test_260912715,dog_bark,30
test_260913318,dog_bark,-65
test_260909652,engine,40
test_260910183,alarm,0
test_260912604,dog_bark,-25
test_260912379,alarm,80
test_260909975,engine,15
test_260912138,running_water,-25
test_260910199,dog_bark,80
test_260913283,speech,-65
test_260911681,dog_bark,15
test_260911223,engine,-45
test_260909875,alarm,-25
test_260910501,footsteps,20
test_260909984,engine,-45
test_260912548,footsteps,-20
test_260910503,alarm,-25
test_260913806,dog_bark,-80
test_260912694,speech,0
test_260912985,engine,-25
test_260912238,dog_bark,15
test_260911511,footsteps,55
test_260909876,speech,30
test_260911453,typing,0
test_260911588,dog_bark,10
test_260909603,typing,45
test_260909288,typing,-10
test_260912362,speech,-80
test_260910168,running_water,5
test_260910697,alarm,-80
test_260913082,engine,-10
test_260909880,dog_bark,5
test_260911646,dog_bark,20
test_260909803,engine,30
test_260912099,speech,20
test_260911789,running_water,-20
test_260910861,engine,-45
test_260909886,running_water,55
test_260909929,engine,-65
test_260912557,speech,25
test_260911777,running_water,80
test_260910019,running_water,25
test_260913242,engine,-30
test_260912801,knock,-65
test_260912101,knock,-10
test_260912172,engine,-20
test_260909142,speech,-80
test_260912449,footsteps,35
test_260910984,dog_bark,15
test_260909901,knock,55
test_260909084,running_water,5
test_260909165,running_water,-25
test_260912319,engine,-35
test_260912600,dog_bark,-25
test_260909933,running_water,65
test_260913348,alarm,0
test_260909502,speech,0
test_260909611,footsteps,0
test_260910565,knock,15
test_260912405,footsteps,-5
test_260913440,alarm,-55
test_260913177,speech,-15
test_260910694,footsteps,5
test_260911555,speech,80
test_260910925,alarm,15
test_260911637,typing,-45
test_260913367,footsteps,-65
test_260911123,alarm,5
test_260911671,running_water,30
test_260910167,alarm,-20
test_260909485,dog_bark,80
test_260913559,knock,25
test_260913531,speech,20
test_260913109,alarm,-10
test_260909844,speech,15
test_260911814,running_water,-65
test_260909129,knock,40
test_260911074,engine,-30
test_260913114,alarm,0
test_260909471,running_water,55
test_260911438,dog_bark,0
test_260913710,engine,-80
test_260913346,knock,25
test_260909041,speech,-10
test_260909720,knock,-10
test_260909411,dog_bark,-5
test_260910198,typing,10
test_260911747,running_water,-25
test_260911616,dog_bark,-30
test_260910960,running_water,25
test_260913406,footsteps,-20
test_260909879,engine,15
test_260913963,alarm,55
test_260911560,footsteps,-65
test_260912516,footsteps,-10
test_260910463,speech,80
test_260910708,footsteps,65
test_260913546,alarm,-15
test_260910395,knock,-80
test_260910563,alarm,80
test_260910064,speech,5
test_260912637,running_water,-40
test_260909745,running_water,35
test_260909940,engine,-80
test_260913838,engine,35
test_260909577,engine,-65
test_260911383,speech,80
test_260912599,engine,-30
test_260913133,running_water,-55
test_260910509,typing,40
test_260911029,typing,20
test_260910858,speech,10
test_260909133,engine,80
test_260911230,alarm,5
test_260909658,footsteps,-35
test_260909587,knock,30
test_260909245,speech,-15
test_260910733,engine,20
test_260909225,knock,-25
test_260912883,alarm,-40
test_260911813,speech,45
test_260913249,running_water,-55
test_260913864,dog_bark,80
test_260912950,typing,80
test_260911650,alarm,65
test_260913263,engine,-10
test_260910409,running_water,-35
test_260909853,alarm,25
test_260910234,footsteps,-80
test_260909059,engine,-20
test_260910294,knock,-15
test_260909646,speech,65
test_260912856,typing,40
test_260909052,engine,55
test_260912652,knock,55
test_260910779,speech,-10
test_260912173,typing,55
test_260912056,running_water,-25
test_260911737,footsteps,-35
test_260913012,alarm,15
test_260911858,typing,-65
test_260913209,running_water,25
test_260913010,engine,5
test_260913244,running_water,-35
test_260909060,running_water,35
test_260912893,running_water,-65
test_260909961,alarm,-65
test_260911112,dog_bark,45
test_260909397,knock,0
test_260912110,alarm,-20
test_260911592,running_water,15
test_260909833,footsteps,25
test_260909312,typing,-10
test_260913390,knock,80
test_260913225,engine,10
test_260909213,dog_bark,-45
test_260912784,knock,15
test_260909789,knock,-40
test_260911269,footsteps,-30
test_260913350,speech,40
test_260910661,engine,20
test_260909050,dog_bark,-45
test_260909396,running_water,30
test_260910459,typing,-35
test_260913313,alarm,-15
test_260913954,typing,20
test_260913563,engine,20
test_260910994,alarm,-15
test_260911722,running_water,-80
test_260909955,speech,-65
test_260909089,engine,30
test_260912146,knock,0
test_260909345,speech,-25
test_260913771,typing,35
test_260911349,footsteps,0
test_260911222,engine,-20
test_260913865,speech,-10
test_260911481,speech,-10
test_260913809,knock,20
test_260912859,speech,80
test_260909719,engine,15
test_260910329,engine,-55
test_260912649,footsteps,10
test_260913935,typing,5
test_260909925,running_water,-5
test_260911279,knock,-15
test_260909654,speech,-65
test_260909908,dog_bark,80
test_260912275,alarm,-55
test_260910615,running_water,-35
test_260910907,dog_bark,-15
test_260910281,footsteps,-45
test_260911345,speech,-35
test_260911200,footsteps,-45
test_260912730,engine,25
test_260911615,knock,-80
test_260913654,alarm,-40
test_260909744,running_water,-30
test_260911780,engine,-30
test_260909825,speech,30
test_260910396,engine,-10
test_260910709,knock,-35
test_260911729,alarm,25
test_260910913,typing,10
test_260913355,speech,-80
test_260909108,engine,-5
test_260912186,typing,-80
test_260913131,speech,-10
test_260912757,alarm,-45
test_260910055,knock,-65
test_260913365,running_water,25
test_260913146,engine,-45
test_260913574,speech,-30
test_260912531,knock,-55
test_260909769,footsteps,65
test_260913830,knock,40
test_260910621,knock,15
test_260913023,dog_bark,-15
test_260910047,alarm,65
test_260911687,engine,20
test_260913571,engine,65
test_260913527,engine,15
test_260913042,running_water,-10
test_260913851,speech,20
test_260912208,footsteps,-80
test_260909269,speech,-25
test_260909068,footsteps,35
test_260910975,engine,15
test_260909952,typing,-10
test_260909510,engine,10
test_260909697,knock,-5
test_260913322,footsteps,10
test_260910138,engine,-20
test_260911654,knock,0
test_260909390,footsteps,80
test_260912709,dog_bark,20
test_260911974,speech,-30
test_260912521,engine,-45
test_260912249,dog_bark,-45
test_260909613,knock,25
test_260913329,dog_bark,25
test_260911425,speech,-35
test_260910489,typing,80
test_260910897,knock,15
test_260911874,knock,-20
test_260913790,dog_bark,40
test_260912004,alarm,-65
test_260911486,knock,-15
test_260912680,engine,10
test_260910580,speech,5
test_260909356,speech,-10
test_260910221,knock,20
test_260910744,footsteps,-15
test_260912081,engine,25
test_260909772,engine,-65
test_260910336,dog_bark,0
test_260909539,knock,20
test_260912506,engine,-35
test_260912179,running_water,35
test_260910716,alarm,40
test_260911988,running_water,-5
test_260911682,running_water,-5
test_260913721,speech,15
test_260909696,running_water,-15
test_260911875,running_water,5
test_260912514,speech,-30
test_260910490,running_water,-25
test_260912922,alarm,30
test_260911861,knock,-25
test_260909479,alarm,-30
test_260912937,footsteps,15
test_260913261,footsteps,-80
test_260913709,footsteps,-5
test_260909459,typing,-35
test_260913973,dog_bark,25
test_260912463,knock,35
test_260912581,dog_bark,-15
test_260911631,alarm,-45
test_260910057,footsteps,5
test_260910647,dog_bark,-10
test_260910493,running_water,-25
test_260913729,footsteps,55
test_260909709,speech,0
test_260911287,speech,40
test_260910871,footsteps,55
test_260910488,running_water,30
test_260913119,running_water,55
test_260911351,typing,5
test_260912949,typing,80
test_260910073,running_water,65
test_260911516,engine,80
test_260911865,alarm,-20
test_260909377,engine,45
test_260911175,knock,-5
test_260913573,speech,-25
test_260912468,footsteps,40
test_260909047,footsteps,45
test_260913227,typing,-5
test_260909303,knock,-80
test_260911148,running_water,-80
test_260910224,typing,15
test_260909531,alarm,20
test_260909599,running_water,-45
test_260910291,speech,-55
test_260912451,footsteps,-10
test_260911734,typing,45
test_260911599,alarm,-15
test_260911811,dog_bark,25
test_260912777,engine,-40
test_260912257,typing,30
test_260910848,dog_bark,15
test_260913176,knock,-45
test_260913175,engine,55
test_260909593,engine,25
test_260911489,engine,5
test_260912264,knock,-10
test_260911303,engine,-55
test_260913767,engine,65
test_260910844,engine,25
test_260909429,footsteps,45
test_260913190,dog_bark,30
test_260913990,engine,30
test_260913560,engine,35
test_260909855,knock,-40
test_260911352,typing,-45
test_260912714,knock,0
test_260911704,running_water,10
test_260912406,footsteps,-15
test_260912199,speech,-45
test_260909374,typing,-15
test_260910108,speech,-15
test_260913198,alarm,45
test_260911391,footsteps,20
test_260911310,alarm,65
test_260912735,engine,5
test_260911545,typing,-30
test_260909339,knock,-15
test_260912263,running_water,15
test_260909996,footsteps,10
test_260912846,engine,20
test_260910842,dog_bark,-15
test_260913495,footsteps,-5
test_260911575,typing,45
test_260910954,footsteps,-40
test_260912207,footsteps,45
test_260910046,alarm,40
test_260912029,footsteps,-35
test_260912153,dog_bark,5
test_260909737,knock,15
test_260911839,dog_bark,-20
test_260913601,alarm,25
test_260910638,engine,-65
test_260912782,speech,-10
test_260913634,alarm,20
test_260911635,alarm,55
test_260910086,typing,-10
test_260913059,footsteps,-20
test_260912485,speech,-80
test_260911559,footsteps,55
test_260911994,running_water,-45
test_260912885,typing,10
test_260910829,running_water,80
test_260910869,typing,15
test_260911833,knock,30
test_260913052,speech,-30
test_260912176,alarm,10
test_260912294,running_water,-65
test_260910053,knock,-55
test_260911365,alarm,-20
test_260913372,footsteps,-10
test_260911215,running_water,-35
test_260910272,alarm,-20
test_260910868,running_water,20
test_260911655,knock,20
test_260912774,dog_bark,-10
test_260909445,alarm,-80
test_260911752,engine,-30
test_260909807,alarm,-20
test_260913115,typing,65
test_260910072,speech,-5
test_260913592,speech,30
test_260910564,dog_bark,-10
test_260912798,knock,55
test_260910381,dog_bark,15
test_260912188,footsteps,30
test_260912570,knock,55
test_260912957,alarm,-80
test_260909666,typing,40
test_260909647,engine,40
test_260909793,dog_bark,40
test_260909541,engine,25
test_260913855,engine,0
test_260910442,footsteps,0
test_260911975,typing,45
test_260910247,engine,-20
test_260912022,knock,-10
test_260910590,dog_bark,-5
test_260909801,engine,-45
test_260913518,knock,-65
test_260912471,engine,40
test_260912075,typing,-25
test_260913032,engine,35
test_260909869,typing,80
test_260913296,engine,5
test_260912632,alarm,65
test_260913168,speech,-45
test_260910102,footsteps,55
test_260913182,footsteps,-35
test_260910801,dog_bark,80
test_260910552,speech,0
test_260910516,footsteps,-20
test_260913144,typing,55
test_260913822,speech,-15
test_260909077,running_water,-15
test_260911195,speech,45
test_260910402,engine,-25
test_260911931,alarm,-65
test_260909493,footsteps,-10
test_260913932,typing,-55
test_260909708,knock,-45
test_260912246,typing,-10
test_260909963,knock,30
test_260912010,engine,-10
test_260912961,running_water,-10
test_260912891,alarm,-80
test_260910485,footsteps,-5
test_260913808,footsteps,-20
test_260909575,speech,-25
test_260909159,dog_bark,80
test_260912956,typing,-20
test_260911936,dog_bark,-35
test_260911171,engine,-10
test_260910973,footsteps,-45
test_260909635,dog_bark,-80
test_260912011,knock,55
test_260910872,running_water,45
test_260909134,alarm,0
test_260913183,engine,65
test_260913544,engine,5
test_260910980,dog_bark,-25
test_260913638,running_water,-80
test_260909164,speech,5
test_260910406,engine,5
test_260913834,dog_bark,20
test_260910242,speech,-5
test_260910299,footsteps,10
test_260912830,alarm,15
test_260909239,running_water,-40
test_260910707,knock,45
test_260909408,dog_bark,5
test_260909602,footsteps,25
test_260913423,dog_bark,15
test_260909713,alarm,-45
test_260912790,alarm,-25
test_260913438,engine,-20
test_260913765,knock,-25
test_260913107,typing,-20
test_260909398,dog_bark,-30
test_260910059,engine,-40
test_260912653,alarm,-35
test_260909881,engine,-20
test_260913476,engine,15
test_260909783,alarm,-25
test_260909760,typing,5
test_260910813,typing,-45
test_260911201,footsteps,20
test_260910990,footsteps,-55
test_260909268,engine,40
test_260910918,dog_bark,-55
test_260909636,alarm,-15
test_260910374,footsteps,0
test_260910886,engine,35
test_260911038,dog_bark,10
test_260912582,speech,-40
test_260911976,knock,-15
test_260913425,dog_bark,40
test_260911735,footsteps,-30
test_260911259,engine,25
test_260910458,dog_bark,-40
test_260909465,engine,55
test_260909743,knock,0
test_260910881,typing,10
test_260911834,speech,-10
test_260909936,dog_bark,10
test_260910233,engine,0
test_260912181,footsteps,-45
test_260909546,alarm,55
test_260913853,running_water,-40
test_260909991,engine,45
test_260913205,alarm,-25
test_260911981,dog_bark,5
test_260909867,engine,-35
test_260912262,knock,-55
test_260910528,footsteps,25
test_260912819,speech,20
test_260910386,alarm,40
test_260912488,footsteps,30
test_260913981,running_water,80
test_260910122,dog_bark,10
test_260912892,alarm,-35
test_260911696,footsteps,55
test_260911355,typing,-45
test_260912825,running_water,-15
test_260911001,engine,20
test_260910703,knock,30
test_260911569,typing,45
test_260911378,alarm,30
test_260910217,speech,20
test_260911973,engine,-30
test_260912833,engine,45
test_260910426,knock,-20
test_260912941,alarm,30
test_260913240,alarm,35
test_260909308,dog_bark,80
test_260910394,alarm,45
test_260912007,footsteps,15
test_260911315,engine,0
test_260910680,footsteps,65
test_260909204,engine,0
test_260912706,dog_bark,25
test_260909074,engine,-55
test_260910722,engine,-35
test_260911785,dog_bark,80
test_260911114,knock,-40
test_260910727,footsteps,10
test_260912398,footsteps,25
test_260912753,alarm,-65
test_260909484,running_water,-10
test_260909723,alarm,-45
test_260911783,dog_bark,-35
test_260910293,typing,10
test_260911776,engine,-25
test_260910270,speech,15
test_260913338,footsteps,-30
test_260909208,engine,-55
test_260912858,speech,25
test_260912293,speech,-15
test_260913517,running_water,5
test_260911011,running_water,-15
test_260912718,dog_bark,-55
test_260911252,typing,35
test_260913153,engine,5
test_260911244,engine,5
test_260909980,knock,-80
test_260912367,running_water,-80
test_260911368,speech,-40
test_260910350,speech,-30
test_260912745,footsteps,10
test_260910449,running_water,-65
test_260912314,alarm,-5
test_260910991,footsteps,-10
test_260912884,alarm,35
test_260909962,knock,-20
test_260911669,running_water,-65
test_260909404,typing,-80
test_260913512,alarm,80
test_260909242,engine,0
test_260912203,engine,25
test_260913157,speech,25
test_260911609,engine,5
test_260913582,knock,30
test_260912292,footsteps,-15
test_260911894,alarm,-25
test_260909627,typing,0
test_260910613,engine,25
test_260909721,knock,-40
test_260912966,footsteps,-15
test_260912507,footsteps,40
test_260912596,engine,5
test_260909811,engine,-35
test_260911929,running_water,65
test_260909148,typing,-55
test_260909927,alarm,-20
test_260909107,speech,-20
test_260911636,knock,-15
test_260912813,typing,-30
test_260912185,dog_bark,-15
test_260909085,engine,10
test_260913015,running_water,55
test_260913200,engine,-20
test_260913031,dog_bark,-15
test_260913103,engine,30
test_260913718,dog_bark,35
test_260909988,engine,-20
test_260909032,footsteps,35
test_260909029,alarm,5
test_260910504,running_water,-55
test_260909550,footsteps,-40
test_260909735,alarm,-40
test_260912648,running_water,0
test_260910230,knock,-80
test_260910643,dog_bark,0
test_260913681,running_water,-20
test_260913074,knock,65
test_260910515,typing,-65
test_260910807,engine,45
test_260909209,typing,35
test_260910955,alarm,15
test_260912787,engine,-25
test_260912532,engine,-45
test_260912140,dog_bark,30
test_260909256,engine,-10
test_260911354,footsteps,40
test_260910457,speech,-35
test_260912811,knock,25
test_260911465,alarm,-5
test_260913443,footsteps,-20
test_260909782,engine,-25
test_260911919,footsteps,30
test_260912243,running_water,-25
test_260913889,typing,-25
test_260910958,typing,80
test_260913773,speech,-25
test_260910932,typing,25
test_260913003,typing,10
test_260910494,dog_bark,20
test_260910667,engine,-10
test_260912357,typing,65
test_260910351,speech,30
test_260912866,typing,20
test_260912772,running_water,55
test_260911035,running_water,-40
test_260911118,alarm,55
test_260909201,footsteps,65
test_260913077,alarm,-40
test_260912479,running_water,80
test_260911023,alarm,80
test_260912492,engine,-40
test_260913799,alarm,10
test_260909686,dog_bark,-45
test_260913976,footsteps,5
test_260911460,footsteps,35
test_260909878,knock,30
test_260910523,typing,40
test_260913258,speech,35
test_260911819,typing,-35
test_260912722,alarm,25
test_260911207,engine,-20
test_260910616,typing,65
test_260912240,footsteps,-45
test_260913480,dog_bark,0
test_260913607,dog_bark,-65
test_260909088,engine,-80
test_260911034,engine,30
test_260909649,engine,65
test_260913273,footsteps,0
test_260912048,engine,25
test_260912613,typing,-45
test_260911421,engine,55
test_260912131,knock,25
test_260910609,knock,0
test_260910353,typing,-35
test_260913417,dog_bark,25
test_260911127,engine,0
test_260912732,alarm,25
test_260909466,knock,35
test_260913045,footsteps,55
test_260909978,knock,-20
test_260913599,knock,-30
test_260913964,knock,-10
test_260912384,typing,-20
test_260910125,engine,65
test_260910806,alarm,-65
test_260913551,footsteps,25
test_260911295,dog_bark,-65
test_260912603,footsteps,-80
test_260911183,engine,10
test_260910974,engine,10
test_260910677,knock,10
test_260913310,engine,-20
test_260911461,footsteps,10
test_260911151,alarm,0
test_260911374,engine,-5
test_260913848,typing,-55
test_260912946,alarm,-65
test_260909224,typing,-80
test_260911261,footsteps,-80
test_260909063,footsteps,35
test_260912096,speech,-10
test_260911627,typing,0
test_260912861,engine,65
test_260909180,engine,45
test_260909522,dog_bark,-55
test_260910641,speech,-20
test_260909822,knock,5
test_260911110,dog_bark,-20
test_260910682,alarm,25
test_260912236,typing,-80
test_260911924,running_water,55
test_260912971,alarm,15
test_260911296,knock,-45
test_260910124,alarm,80
test_260913094,speech,55
test_260909645,running_water,-45
test_260912601,typing,40
test_260912594,engine,-10
test_260911843,dog_bark,25
test_260911053,alarm,15
test_260909890,speech,-30
test_260909683,dog_bark,-80
test_260909128,alarm,-25
test_260912038,typing,-10
test_260912578,alarm,80
test_260910668,dog_bark,-25
test_260912887,footsteps,-40
test_260912888,alarm,-20
test_260910746,footsteps,40
test_260911224,speech,-45
test_260909630,footsteps,-65
test_260913247,speech,-15
test_260913874,speech,-15
test_260911018,dog_bark,45
test_260912826,alarm,5
test_260910937,typing,10
test_260909220,dog_bark,35
test_260911130,typing,45
test_260912195,alarm,80
test_260912079,typing,-45
test_260909690,engine,45
test_260909132,speech,15
test_260912839,footsteps,80
test_260909325,speech,-10
test_260912457,engine,-15
test_260913925,speech,20
test_260912476,dog_bark,-65
test_260910542,running_water,25
test_260912564,typing,-15
test_260911888,speech,40
test_260909501,alarm,35
test_260913422,speech,15
test_260909780,dog_bark,15
test_260911648,typing,0
test_260913628,engine,5
test_260912624,alarm,80
test_260909475,alarm,15
test_260912210,knock,30
test_260913259,alarm,65
test_260912796,typing,25
test_260913381,footsteps,80
test_260910629,dog_bark,-45
test_260909294,footsteps,-5
test_260910634,dog_bark,-25
test_260912469,knock,40
test_260911537,dog_bark,-30
test_260912776,typing,-25
test_260911617,footsteps,-15
test_260911092,knock,5
test_260911912,running_water,80
test_260910030,typing,20
test_260910468,speech,80
test_260913926,footsteps,65
test_260913047,engine,-10
test_260910194,engine,-15
test_260911951,typing,-5
test_260910009,typing,35
test_260911980,running_water,25
test_260909574,footsteps,80
test_260912619,typing,-10
test_260913311,running_water,55
test_260912390,running_water,15
test_260909025,speech,-65
test_260910384,dog_bark,0
test_260910405,running_water,-5
test_260912508,speech,-45
test_260909422,running_water,35
test_260913325,typing,30
test_260909864,footsteps,-5
test_260911854,dog_bark,-80
test_260909771,typing,5
test_260911562,typing,55
test_260912278,dog_bark,20
test_260911502,typing,-80
test_260910204,speech,-5
test_260913632,engine,-40
test_260909618,running_water,20
test_260912276,dog_bark,-35
test_260909626,dog_bark,-15
test_260913004,engine,5
test_260909112,speech,25
test_260912163,footsteps,80
test_260909639,typing,25
test_260912354,speech,-45
test_260913804,knock,-30
test_260910766,footsteps,45
test_260913949,running_water,-5
test_260913630,engine,-30
test_260913930,engine,55
test_260911300,speech,40
test_260911278,dog_bark,15
test_260909530,knock,-25
test_260909495,typing,-5
test_260913450,footsteps,-45
test_260913640,speech,65
test_260909834,knock,55
test_260912995,engine,5
test_260909216,engine,-20
test_260912670,alarm,0
test_260912544,alarm,-25
test_260909591,dog_bark,-25
test_260909363,knock,40
test_260910271,dog_bark,-5
test_260910025,typing,40
test_260912901,speech,20
test_260911850,speech,15
test_260909151,dog_bark,-45
test_260910851,knock,0
test_260913985,knock,10
test_260909098,engine,-15
test_260909738,running_water,-65
test_260910096,running_water,65
test_260909097,knock,-30
test_260913120,speech,40
test_260912945,typing,45
test_260910063,running_water,40
test_260911551,typing,-25
test_260912067,typing,-10
test_260909764,running_water,-40
test_260910845,knock,20
test_260910226,speech,-20
test_260911952,alarm,-55
test_260913255,typing,20
test_260909434,running_water,-80
test_260913502,engine,65
test_260911889,running_water,5
test_260913085,footsteps,-80
test_260912991,footsteps,-80
test_260913795,typing,65
test_260911212,footsteps,35
test_260913726,typing,65
test_260911733,dog_bark,5
test_260910624,alarm,15
test_260913197,dog_bark,10
test_260911668,typing,-15
test_260913772,typing,-65
test_260912447,typing,-10
test_260910414,footsteps,80
test_260913533,footsteps,-5
test_260911984,running_water,-15
test_260913519,engine,-10
test_260911674,speech,35
test_260910576,footsteps,-45
test_260910559,engine,25
test_260913921,footsteps,-25
test_260912438,running_water,-45
test_260912756,dog_bark,80
test_260911326,speech,35
test_260912720,knock,-20
test_260910077,running_water,80
test_260909444,running_water,15
test_260909301,knock,55
test_260909957,knock,-80
test_260912068,footsteps,80
test_260912742,engine,40
test_260911969,knock,30
test_260912387,knock,-10
test_260913501,engine,-15
test_260911093,typing,15
test_260913411,knock,40
test_260913569,alarm,30
test_260909364,running_water,25
test_260912254,running_water,-10
test_260910356,knock,-25
test_260910479,alarm,-25
test_260913453,knock,80
test_260912009,footsteps,45
test_260909899,alarm,45
test_260913419,engine,40
test_260912495,typing,-35
test_260912289,knock,80
test_260910342,typing,-45
test_260909393,footsteps,10
test_260910191,typing,0
test_260912902,footsteps,10
test_260913098,speech,80
test_260910623,speech,-25
test_260912290,knock,-40
test_260910519,typing,80
test_260909206,typing,10
test_260909797,dog_bark,30
test_260909497,engine,65
test_260911647,running_water,-20
test_260912840,dog_bark,-45
test_260910335,knock,25
test_260912465,alarm,-80
test_260910239,running_water,80
test_260911037,footsteps,10
test_260909556,footsteps,-10
test_260912350,typing,0
test_260909347,running_water,-80
test_260913999,engine,-80
test_260911695,knock,55
test_260909015,engine,-25
test_260912910,alarm,-30
test_260912716,footsteps,5
test_260912855,engine,5
test_260911710,alarm,55
test_260911498,engine,35
test_260913566,typing,0
test_260910757,typing,-10
test_260912399,engine,20
test_260910774,footsteps,80
test_260911050,typing,-35
test_260910911,running_water,0
test_260913344,speech,20
test_260910724,speech,-25
test_260913135,running_water,-25
test_260912783,engine,65
test_260913947,typing,15
test_260913034,running_water,20
test_260911298,alarm,-20
test_260911307,footsteps,25
test_260909892,footsteps,15
test_260911990,footsteps,30
test_260909453,footsteps,65
test_260913334,engine,80
test_260912194,alarm,-10
test_260913613,alarm,20
test_260913339,speech,-25
test_260910378,speech,-40
test_260910874,engine,-40
test_260913302,footsteps,-65
test_260911229,alarm,30
test_260909814,speech,-15
test_260909313,typing,55
test_260912569,engine,15
test_260911871,footsteps,25
test_260909689,running_water,5
test_260911343,footsteps,-65
test_260913257,footsteps,15
test_260912221,dog_bark,-15
test_260909573,engine,-30
test_260909659,knock,80
test_260909747,running_water,45
test_260913123,running_water,-55
test_260913159,engine,-35
test_260909427,knock,30
test_260912713,alarm,-45
test_260909798,footsteps,-20
test_260910085,engine,-35
test_260913373,footsteps,-20
test_260909490,footsteps,20
test_260910838,footsteps,-25
test_260911182,typing,55
test_260911260,dog_bark,-15
test_260909753,typing,15
test_260910251,alarm,25
test_260910399,engine,-80
test_260909175,typing,-20
test_260911864,footsteps,0
test_260910811,typing,10
test_260912768,footsteps,35
test_260909200,dog_bark,40
test_260911643,footsteps,0
test_260913253,alarm,-20
test_260912621,knock,55
test_260909629,speech,-65
test_260911078,speech,-15
test_260913878,dog_bark,-15
test_260910604,typing,5
test_260913203,alarm,-25
test_260913212,typing,-15
test_260909655,engine,-65
test_260912215,speech,15
test_260909812,running_water,25
test_260913722,knock,20
test_260913224,knock,15
test_260910783,running_water,25
test_260910737,engine,5
test_260912045,engine,-15
test_260910262,footsteps,55
test_260909568,dog_bark,25
test_260913614,engine,-45
test_260909678,knock,-80
test_260911625,running_water,-80
test_260911713,speech,30
test_260909921,running_water,55
test_260909241,footsteps,10
test_260910136,typing,-35
test_260913138,knock,-65
test_260909920,speech,20
test_260910461,running_water,55
test_260910846,dog_bark,80
test_260911288,dog_bark,45
test_260912913,footsteps,80
test_260910966,knock,-5
test_260913938,footsteps,5
test_260909319,footsteps,20
test_260912705,engine,35
test_260910241,dog_bark,-10
test_260909620,alarm,-25
test_260911910,dog_bark,15
test_260909442,speech,10
test_260911474,engine,30
test_260912076,dog_bark,40
test_260910856,running_water,35
test_260910664,running_water,30
test_260912923,knock,-40
test_260912912,footsteps,35
test_260910631,typing,80
test_260909600,engine,-65
test_260910599,dog_bark,-35
test_260911602,running_water,80
test_260910443,dog_bark,5
test_260911155,footsteps,80
test_260911451,running_water,5
test_260911782,engine,30
test_260910936,footsteps,-10
test_260909717,engine,5
test_260909609,running_water,-30
test_260909525,knock,-65
test_260910228,dog_bark,25
test_260913307,alarm,0
test_260912323,typing,65
test_260910012,engine,80
test_260910300,alarm,80
test_260913101,alarm,25
test_260911385,speech,15
test_260911149,alarm,15
test_260912100,engine,5
test_260909322,knock,80
test_260913309,alarm,55
test_260911419,knock,-15
test_260911236,engine,-80
test_260910805,knock,80
test_260909987,dog_bark,-30
test_260910781,typing,20
test_260912270,alarm,0
test_260909254,running_water,-80
test_260909370,alarm,-80
test_260909310,alarm,-25
test_260909160,alarm,55
test_260910310,footsteps,55
test_260911941,engine,65
test_260911786,engine,25
test_260911100,running_water,-20
test_260909520,alarm,-30
test_260909624,alarm,-15
test_260912837,running_water,-80
test_260910439,engine,65
test_260910116,running_water,-45
test_260911920,alarm,80
test_260910895,typing,0
test_260912180,running_water,55
test_260913636,typing,30
test_260913728,running_water,40
test_260910819,engine,-15
test_260912397,speech,-40
test_260912052,typing,20
test_260911396,knock,-65
test_260909298,engine,-10
test_260912288,dog_bark,-55
test_260911548,typing,30
test_260911362,running_water,40
test_260911291,running_water,55
test_260913330,engine,-15
test_260911168,footsteps,-80
test_260911495,running_water,40
test_260912150,alarm,80
test_260910577,running_water,-55
